SURFGEN.GLOBAL Hd COEFFICIENTS FILE V:2.8.8
high order tester                                                                                                                                                                                                                                              
ORDER
    4
COEFFICIENTS
ORDER     0 BLOCK     1
  2.1969998158598267E+00
ORDER     0 BLOCK     3
 -1.1622366721319459E+00
ORDER     1 BLOCK     1
  5.1954937194865969E-01  3.8213279001445812E+00 -6.8184400620491670E-01 -1.1595265000325661E+00  2.7493964620483964E+00 -3.3695649169954973E+00
 -1.6296967964365590E+00
ORDER     1 BLOCK     2
  4.2560962831984162E-01
ORDER     1 BLOCK     3
 -4.2905803857135956E+00  3.0581032669163983E+00  9.4834903626894529E-01  1.4002641598817962E+00 -1.1317814359994145E+00  2.0067915334999137E-01
  1.2381696131437663E+00
ORDER     2 BLOCK     1
 -9.1622004253147562E+00 -2.5894850561543659E+00 -5.8413804344080624E+00  4.0968532624726004E+00  6.6329907997574855E-01 -3.1751865615001634E-01
  1.0587606577863757E+00  1.2129593942866328E+00  3.9623202713026853E+00 -4.8307094261480490E+00  9.8713343049079150E-01  2.6137890594462942E-01
 -8.4148886023701641E-01  6.7897308321595884E-01 -1.9835139125762885E-01  8.1522815797525267E-02 -1.5016312581433944E-01  1.4993580259729142E-01
 -7.7654770849391297E-01 -2.5868376884788526E+00  9.7245390984567337E-01  4.8702013845291836E-01 -7.5817541804735170E-02  3.4350086718143941E-01
  1.1921272475301541E+00 -3.3678723591589016E-01 -4.4667676149584832E+00  9.1282425389508397E+00  5.9098978739917363E-01 -6.9639321261098761E+00
  1.9580195405462257E+00  8.6909886116278290E-01  1.9334189592113533E+00 -2.1125820301082938E+00 -1.5809373202657138E+00  6.4517537501131965E+00
  2.7020101504911903E-01 -5.3416879449157886E+00  1.3197272220347884E+00 -8.4958179831840597E-01 -9.2756515691819841E-01 -9.3496296574238205E-02
  2.2227472891108242E+00 -3.2187993879345638E+00 -8.5608059655571633E+00 -3.9008476372161662E+00  8.6849626242133517E+00  8.3693536433479587E-01
 -5.6238901792429075E-01  8.1747913987124077E-01 -3.5012901258116502E-01  5.8405346801855273E+00  1.8231669123823597E+00 -1.8702803175377722E+00
  1.2370231712833298E-01  5.1120282262532992E+00 -1.2604819572904256E+00 -4.3972590725050607E+00 -5.1622745575722773E-01  7.4029891666033798E+00
 -3.0081027847732349E+00  1.3183966358454300E+00 -2.2700903604071114E+00 -1.0784982310076836E+00
ORDER     2 BLOCK     2
  9.6495069010646051E-01 -1.4014462129237282E+00 -1.6150540621192960E-02 -1.3023862701562545E+00  1.1179142432564584E+00 -1.1578315779841761E+00
 -4.3027528819356164E-01
ORDER     2 BLOCK     3
  2.2714053389199078E+00  3.9702481283434659E+00  3.4171008545091124E+00 -3.9444405380864889E+00 -1.1087596249025005E+00  3.4699858845045728E-01
 -7.8358677648471420E-01 -3.3443567110314212E+00 -2.3990442489944095E+00  5.4745903190017975E+00 -7.3283437437778695E-02  4.9853213659628093E-01
 -3.8475906891722006E-02 -9.2793141978718641E-01  8.2924297299931116E-02 -8.8557071150046157E-02  5.6364938201328901E-02  1.1188014198873653E-01
  9.4209344031364517E-01  2.8593794720978720E+00 -2.6601486398232508E+00 -1.3107080528361575E-01 -9.9412334751372355E-01  2.1016279250016859E-01
 -1.4619779110575688E+00  6.7292882772168250E-01 -1.8142668379245230E+00  1.0642736706973044E-01  2.6465255064245583E+00 -6.2851818061950651E+00
 -2.2111054463275908E+00 -7.1813354899624371E-01 -2.1944674369397781E+00  2.4227760795029132E-01  2.4533576650227631E+00  5.7460255251082062E+00
 -4.5224407314243527E+00  6.6421960444813966E+00 -4.9112012185740850E-02  1.2722857011370707E+00  3.0961242288899435E+00 -6.7622815045558315E-01
 -1.2915258576848920E+00  2.5814764928547769E+00  6.7598942782290603E+00  3.5938711810246211E+00  7.9825823841860677E+00 -8.7371997571374660E-01
 -3.9228760093077991E-01  1.7896189960102915E+00  3.6776342168307479E+00 -9.3380716382954780E+00 -1.5935284220119543E+00  4.9360631898864327E-01
 -4.9907302205601972E-01 -5.7518691809428359E+00  9.6431795102659090E-01  1.7984708749576923E+00  1.0468292075678614E+00 -4.0591528356684945E+00
  1.0987619626822867E+00 -1.0302600742988113E+00  2.7385634749376266E+00 -6.0814269854226277E-01
ORDER     3 BLOCK     1
 -5.6983872839594962E+00  1.0753293751875786E+01 -1.3625573193046913E+01 -2.2765914535278444E+00  3.1777876352156953E-01 -3.3162061570453440E+00
 -3.8491657080617929E+00 -2.9984808553804889E+00  1.9128972170431910E+00  1.3974757615772793E+01 -6.8700085863635723E+00  4.0858463479086971E-01
  3.3715695182256114E+00  3.1274288976831306E+00  2.9701106818559668E+00 -2.8138390170604843E+00 -2.7529559648121529E+00 -1.0914192868542574E+00
  3.4153200004847237E+00 -7.9027036660168690E+00  4.1394521035157990E+00 -4.8716084304363703E+00  8.6680755063991271E+00 -2.5706245655829387E+00
 -5.8432584192778281E-01  2.7642272699434278E-01 -4.3087408629658969E-01 -1.7103855305157809E+00  9.1223519011774112E-01  5.4562752507168835E+00
  1.1166964926984544E+00  5.0657385620093209E-01 -1.0794592678283298E+01  3.4341741528827208E-01 -8.2353981992994818E-01  2.0239098633252758E-01
 -2.8959085431082537E-01 -1.2481187731356039E-01 -2.6431022687754513E-01  4.4475498956667570E-01 -3.4347425880927845E-01 -1.9539355538261244E-01
 -4.3975379311943036E-02  1.1230082710316696E+00 -1.6489437303665424E+00  2.6404605358760591E+00 -3.6642207403098097E+00 -1.9860444858930307E-01
  8.8490005108985303E-02 -7.2395787272559731E-01 -1.0680681900115445E+00  8.6534451894066988E-01  7.7644980437170474E-01 -5.6579386772914475E-01
  1.1629523839439347E-01  2.7255885603108476E+00  1.5036164349858441E-01  4.9711417596666356E+00 -1.1464888925174226E+00 -7.6311405066040827E-01
  1.8238940709028564E+00 -1.2610790251174329E+00 -4.5305844969119202E-01 -2.0422357920490972E+00 -1.9380318565508778E-01 -1.0225020650748211E+00
 -2.4269795386284545E+00  2.6442387321792804E+00  2.2664800267796523E+00 -4.2198298694479259E+00 -4.1813688553884711E+00 -5.3640283152463581E+00
 -5.7864923563556200E-02 -5.3302929038321489E-01  2.8519484089292275E+00 -2.1435682127179052E+00  1.9894485191511668E+00 -3.3983059635875441E+00
 -1.6877142894405197E+00  1.5638339902664167E-02 -3.3268615670100097E+00 -3.1079746938445556E+00  1.3249355221445720E+01 -2.5663088053928780E+00
  1.0346482205396532E+00  4.5034510691545346E+00 -1.0037330334151464E+00 -3.9081086867126733E+00 -7.3623241308870879E-02 -8.3861046214184665E+00
  7.4515487004560221E-01  1.3512741765868239E-01 -2.7355098425501017E+00 -2.9053761930680748E+00 -2.1047952650458663E+00 -5.5835925527613837E+00
 -1.8331550302520059E+00  7.0555708934854140E+00  1.0221695622070484E+01  1.0410036745288022E-01  1.9837231204487742E+00 -6.2387092518342735E-01
  6.3342009917277217E-02 -3.1305074305746405E-01 -2.4700290874257163E+00  4.7020140908603125E-02  8.4692416287422190E-01  1.7252783229424901E-01
 -5.2230195616112574E-01  1.3393054685332379E+01  2.9337821572756480E+00  1.1515453443004922E+00 -6.1564198343326098E+00 -7.2282634729670585E+00
  1.9834843915601164E-01 -2.6069431410392183E+00 -4.6660939592295392E-01 -1.5292444485128314E+00  7.8613825061563836E-01 -3.4222903118238507E-01
  3.1844122741017222E-01 -5.7412824153072100E+00  2.9788285171900430E-01 -3.1271247390176843E-01  1.8672411627601775E+00  3.5195059765246839E+00
 -7.7095848162206937E-01  1.3342668544091482E-04  2.6980268896749711E+00 -1.0781958153335240E-01 -3.7051172844613889E-01  5.2138739088934100E-02
  1.4169878441763052E+01 -7.6446455296804725E+00  2.9791915424128037E+00  1.3273575940096510E+01 -4.4655749935509155E+00  3.5934309654204771E-01
 -1.3046803932769357E+00  2.8992246679718501E+00  1.6491883903844828E+00  1.2473016677121294E+01  1.0109802755397165E+01 -1.4173026213026179E+00
 -2.2129287232347674E+00  3.3113062843521979E+00 -5.6641167882323118E-01 -2.1440020593971649E+00  1.7026788802414370E+00 -1.1681762276304204E+00
 -1.3135209579614924E+00  1.6104069455916374E+00 -4.3807239755435468E-01 -4.7223659778823190E+00  8.6365264631663519E-01  7.2513783439115645E-02
 -1.3740036125319227E+01 -1.2292245571545269E+01 -2.0392167536004195E+00  7.9564117230881894E+00 -1.3364399219460108E+01 -1.0516175173132748E+01
  1.5799954124296109E+00  7.9482682594841370E-03  3.8190112077005720E+00 -7.0517767901518198E+00  3.6320104818250032E+00  1.3432901416006345E+01
 -1.7313429877199071E+00 -3.0408011629271776E+00 -1.0934599073463904E+00 -2.5309828870702038E+00 -1.3920002544816650E+00  5.1749809564709803E+00
 -1.3363777463672015E+00  2.2865098525995431E+00  3.3515613930882440E+00 -1.9071867271485375E-02  1.2337644891266361E-01  1.5211661214990357E+00
 -2.0419096546354711E+00 -5.9952294782147719E+00 -5.2749817939182286E-01 -7.3584563972725139E+00 -5.1544193023223706E+00 -7.4370374479863726E+00
 -2.0260096959559974E+00 -2.5518438793779517E+00  9.1198903438870467E+00 -3.7331177515990133E+00  1.3438680331197312E+00  5.4640123499390647E-01
  7.8870774070154304E-01 -2.0931230225904826E-01 -1.8038375387563379E+00  3.3514254182658902E+00 -8.5184786297507509E-01  1.0594620470796565E+00
 -1.1641754561343983E+01  5.6925986702256015E+00  2.3052617858945254E-01  1.4445251515648661E+00 -5.7450125516917074E+00  9.3588341313409114E+00
 -2.0634402373142686E+00 -8.0443777154537468E+00 -1.3820676554237277E+00 -5.6187316224373607E-01 -1.4241323332363420E-01 -1.4194107925017685E+00
 -3.3174446515833972E-01  6.8593045088372693E-03  2.7376360740813821E-01 -1.8712545170478991E+00  1.3613071210803476E+00  4.2579798313313844E-01
  4.4385474710157196E+00 -3.4422777902362354E+00  3.2751145900700662E-02  1.6077821122458577E-01  2.7065772973691421E-01 -1.4950664012221326E-01
  9.5036672397364047E-03 -8.3003715590845864E-02 -3.0207118092651406E+00 -3.2215780080366296E-03 -1.6003632600719910E+00 -4.6759897950200395E+00
 -1.1289079614166524E+00  4.2529317369716546E+00 -3.3290708083460174E-01  1.5098819323681854E+00  2.9938623810429416E-02  5.9695655360392319E-01
  1.9476680810600191E+00  1.1089756613198587E-01 -1.4057178474965153E+00 -1.5406212893117932E+00 -4.5067388226723132E-01 -8.8196295906354105E-01
 -7.1239477887767466E-01  5.7510619909126937E-01 -7.8539272771158353E-02 -1.8763935712885058E-01 -2.7843452273280728E-01  1.3166872836149963E+00
 -1.7128673145972004E-01 -2.2046667868288911E-01  2.7150277377901628E+00  8.6309856027555316E+00 -1.4337590247420373E+00  2.1286223917240537E+00
 -9.7082587340778943E+00 -9.1044491940397954E-01 -2.1682172748799529E+00  8.6752870936624271E-01  1.2241615899079050E+00  2.1220388865909712E-02
  1.5059891787706223E-01  6.9260834249456646E+00 -1.5493783392179603E-01 -3.4596624006625526E-01 -3.5314148688149216E+00  2.5336374865583666E+00
 -9.0463600166649449E+00  1.1348060185082396E+00  6.2744062542530232E-01  3.1794877421735313E-02  4.3200330339985467E+00  6.9802311070715839E-01
  3.7022149063943982E-01 -1.2946835862790769E+00  8.4352388913925924E-01  1.0984994727971902E+00 -9.6803243280080586E+00  7.4708170730170331E-02
 -2.3622358851324350E+00  2.3150694259668808E-01 -2.1043432816820280E+00  2.1629482525008199E+00  3.4023074951831633E-01  4.8073198637329223E-01
  8.6183591319084285E-01 -1.0656156083982902E+01 -6.5643723376102303E-01 -2.2636876638160692E+00  2.8612599597625250E+00 -1.0695033561836684E+00
  1.3198281624202353E+00 -4.8668354208646092E-01 -1.1231843164602873E-01  4.5654974263619570E+00  1.3725443900107490E+00  2.3770775084537754E+00
 -2.3135464711443348E+00 -1.7427055087006457E-01  1.7651216091795266E-01 -1.3904734053370755E+00  4.1194874676617216E-01  7.2006029979915775E-01
  1.1712111582098097E+00 -1.7137282313608824E+00  4.4059974570267907E-01  5.3975462609559290E+00 -1.5909977454601549E+00 -2.2853306283062493E+00
 -1.1802079238769920E+00 -2.4433668491524818E+00 -3.1452172742936133E+00  7.8824103267699841E-01  2.8527188263307279E-01 -1.2466185051079437E+00
  1.0199805404949001E+00  8.3908833620344259E-01  1.5028211463515404E+00  3.8153382266042668E-01 -1.1705615512770615E+00  2.1801994604482222E+00
 -2.3302377344399425E+00  2.6485157554442553E+00  2.8298804594467430E+00 -9.9608062723489843E-01  1.0538756172476385E+00  7.6041564402632111E-01
  1.2195540517067673E+00  4.6832467839166725E-01  4.3907196442296481E-01 -9.1161128082360798E-01  3.0060784706887123E-01 -1.3825198458948900E+00
 -6.3403140467267294E-01 -2.9795485035631692E+00 -1.2329004943020772E+01  2.0282015640727851E+00  5.4185164137722053E+00  3.9596905926312043E+00
  1.3558228253741524E+00
ORDER     3 BLOCK     2
 -8.9312962570935919E-02 -6.9015944753234413E+00  3.0856673385338068E-01  4.6549849440218978E+00 -7.5126049309308429E-01 -2.6132015282182639E+00
  9.4574729041971732E+00  3.3697865831563165E+00 -8.9767906640218769E+00 -5.1979085681103756E+00 -1.7664934627895925E+00  2.3635043628611103E+00
  7.7142392523397074E-01 -1.5657595471343708E+00 -8.8089717517116459E-02 -1.8951905636529465E-01  4.4086006009559031E-01  9.2036728335781814E-01
 -5.2430025617819132E-01  9.3837497875586262E-01  1.1911373126361002E+00 -2.1060482634734816E+00 -1.1029538208985710E+00 -6.0074179007796297E-02
  6.5436195290663135E-01  6.8668004815051631E-01 -7.8075143232557626E-02 -2.8291783660878891E+00 -1.3225720423933121E+00  7.5196398459057667E-01
 -7.4233582502394946E-01 -1.3585066502331058E+00 -4.4335991779925941E-02 -6.8693517887539168E-01  1.5380611915260248E-01  1.1741407734807405E-01
  2.7245347406531315E+00  1.4238755099390445E+00 -1.6595589907043575E+00 -4.6328008098884768E+00  1.4563206130678281E+00 -4.9916098748294079E-02
  6.6095449076945145E-01  1.8646191718602995E-01  2.5095737576545978E+00 -3.3684288481455288E-01  2.1973870737973495E+00  5.6316239999401396E-01
  1.4552456230537750E-01 -1.2184274191834834E+00 -1.3723707378729646E+00 -1.9911459361322965E+00 -1.7876635407493605E-01 -1.9857065316948139E+00
 -1.7355335645645675E-01  1.2948683030314454E+00  5.1963950436188544E-01 -2.4546889415727732E-01  1.2872031283479133E+00  1.4492201132540616E+00
  2.9626388203751997E-01  1.9406687479134357E-01 -4.9972022517383974E-02  1.3773397988268011E+01
ORDER     3 BLOCK     3
  4.7326102965945518E+00  3.7718386166761331E+00  3.8691896047624734E+00  1.5710809650151842E+00  3.7568929516311371E+00  1.4335104408120030E+00
  4.0797826309511409E+00 -5.0551541422806667E-01 -4.5932697437912644E+00 -1.0314171944867830E+01  6.2366745427556625E+00  2.7678574120193424E+00
 -2.5765500546638220E+00 -5.1510420741320626E+00 -4.4821051966904628E+00  3.6712472755730565E+00  6.4942943654728671E+00 -9.7522785602265363E-02
  3.1889408760831008E+00  9.8661597527105460E+00 -9.6738646374201238E+00 -5.6590524089581606E+00 -1.0124102910531693E+01  1.2501333261430206E+01
  1.6879103448523008E-01 -8.9158132832581738E-01  1.2142677585338422E+00  1.7938177265918398E+00  7.8193681620147559E-02 -3.8367544019594710E+00
 -6.9032352279582421E-01 -3.0824729563761037E+00  8.0537656082764997E+00 -3.5212781820648070E-01  1.0595005784635270E+00 -2.4175155611935303E-01
  3.0064496834709681E-01  2.1988554519479861E-01  1.2826319573402682E+00 -5.8682153170169193E-01 -3.3818249728828360E-02  3.0431461834115631E-02
 -4.0392125561765066E-02 -1.6104815706008211E+00 -3.4467382022318636E+00 -7.7313267657676310E-01  1.5715168728220712E+00  5.8669547068894605E+00
  1.9784271337214492E+00  2.3828048273402161E-01  6.8875981541631315E-01 -3.7261369036347297E-01 -7.8844871700168329E-01  6.3824716742241250E-01
 -4.5627418644158801E-01 -7.6720036966625416E-01  3.1061516102508718E-01  2.5601608828118985E+00  2.0983094600242027E+00 -8.0706358675812169E+00
 -3.1081205264838202E-01  1.9943928302316560E+00 -1.1747894736495312E+00  2.8765563649373682E+00 -1.1183315869322596E+00  8.2190488924298677E-01
  1.0003739813999863E+00  5.4202882705291289E-01  1.4990788955009955E+00  6.8907049571525389E+00 -1.2055321928251617E+00 -7.0433672649189782E+00
 -8.0088742213472869E-02  3.7517799987277276E+00  7.3223307928996375E+00 -4.0585643101524047E+00  9.4280847754603636E-01  6.1809453684854896E+00
  1.8676904387790814E+00 -1.1265698510191984E+00  1.4332494421495168E+01  3.1352095380134433E+00 -1.6775661851142594E+01  3.3290718962725827E+00
 -5.8258040211807938E+00 -7.7078579829234650E+00 -1.1576919466847432E+01  3.5949230500154417E+00 -3.7891640377994507E+00  1.5334247951473758E+01
  4.9227315557290263E-01  9.5077416702823780E-01  2.9398178008867126E+00  5.5764757029486756E+00  3.0434253574222789E+00  5.7387525379225544E+00
  4.3565139552636933E-01 -8.9540778675534849E+00 -6.9331971544652555E+00  1.3606525953070550E+00  6.4832644417911001E-01 -5.8712957854744430E-01
 -8.8492107147338822E-02 -1.6407810724965638E-01 -8.3264255183889557E-01  6.3740827455075353E+00 -3.1144982740905769E-01  3.0279723322099961E-01
  4.5248232677170125E-01 -9.0395333930695436E+00 -7.7230054427240669E+00  4.2720997586359717E+00  1.5703116762416267E+00  1.2328834550380170E+00
 -1.5369849336686963E+00  3.1900668246517365E+00 -2.0919132328729251E-01 -2.1631223786567637E+00 -1.0709913371172834E+00  6.8892854996515196E-01
 -2.1246007148239771E-01  3.4499177035840263E+00  2.0809013738977900E+00 -3.3056084872499731E+00 -2.4018749794912964E+00  1.0074707791591129E+00
 -7.7114533307452715E-02  1.7071358121227005E+00 -4.6032518097789576E-01 -3.0348450561652013E-01 -6.4347702480660285E-01  4.7774330814118215E-01
 -1.2659106568598048E+01 -5.6754495060251244E+00 -2.7176167485154914E+00 -6.2359455999887743E+00  8.6512389066486612E+00  4.6909064935132783E+00
  6.3559379342397038E-01 -1.8858103646562148E+00 -4.6655523378308017E-01 -9.9405664521556840E+00 -8.5113330445394872E+00  2.4943534241262673E+00
  6.3272431094455317E-01 -2.3873160952494441E+00  3.0806862502279979E+00  4.9004862871101293E+00 -2.8996871571998684E+00 -2.0669046075474244E+00
 -1.2114342801749096E+00  9.7192401528884631E-01  3.3563289796064055E-01  1.7707884987549378E+00  2.1430992495212737E+00 -1.7369811499542791E+00
  9.6296986434864085E+00  1.7624858972582800E+00 -9.5842720892230460E-01 -2.2056640874286093E+00  9.6953315833387013E+00 -6.3295913534200654E+00
 -8.4676086166915132E-01 -1.2031124694277441E+01 -5.6557531460541917E+00 -1.2653476892264822E+01 -1.1361256138199067E+00 -1.9125860792268782E+01
  1.8548885589456227E-01  2.4574275052221939E+00  1.7433795558832874E-01  2.3641961631251247E+00  4.3357462882806175E+00 -7.9920974399977149E+00
 -1.1215794294415292E-01  3.2110223741649273E+00 -3.0872272975514767E+00  2.0675013607272186E-01  5.9858687456967341E-01 -1.2646052337205245E+00
 -3.3405374774041818E+00  3.2602017479014469E+00  1.8229997288740258E+00  4.9442829362263474E+00  1.0827240388088512E+01  1.5708396163984055E+00
  4.5288549376710776E+00  1.1112205532127473E+00 -6.0082618466882147E+00  4.6968708242396202E+00 -9.3622708237875685E+00 -4.4558099471442558E+00
 -4.4690210982165732E+00  8.9409085910258970E+00  7.0145380906229526E-01 -6.5880765534128169E+00 -4.2927475124133174E+00  2.7087854536402913E+00
  1.4895979170532460E+01  5.7392770214365205E+00 -1.9626847888706153E-02 -2.2199868220984924E+00  4.4757863764675525E+00 -9.8213590646019160E+00
  2.6744772144598019E+00  7.9027442953130409E+00  9.0039977461589171E-01  1.1504147460575327E+00 -4.4780005214246404E-01  2.4176594523838086E+00
  3.8758838323325323E-01  9.6628531704972223E-02  9.0399576454979175E-02  1.5363141454023386E+00 -3.0805043076765770E+00 -9.4202799929273473E-01
 -3.4864461874933452E+00  5.6518667566334528E+00  1.2416343938082025E-01 -9.4638369574157860E-02 -3.9625570019200751E-02  6.9938130517241907E-03
  1.7646808061439934E-01 -2.8252761113303680E-02  4.5741734418109612E+00 -2.5162354812365586E+00  1.8074250533549292E+00  5.8801294889691631E+00
 -1.1356584007992736E+00 -2.9035642020774777E+00  3.7910132412412118E-01 -7.7875000909686642E-01  1.7655059832181286E+00  5.8167823326655288E+00
 -6.6768469409925437E+00 -4.8488916763611911E+00 -4.4740225735689512E+00  7.2792210053373170E+00  5.2218069615330620E-01  2.7410033520307708E+00
  1.4630107458371773E-02 -5.7589757910666894E-01  7.6556719272915130E-02  5.7253183493283333E-01  1.2003573227766202E+00 -3.4325640914664870E+00
  8.5385633429498309E-01  2.2460086719545096E+00 -2.5718252288606855E+00 -2.7257339024805938E-01  5.6672075558131825E+00  2.0006249741457696E+00
 -3.0823820016157302E+00  7.4028156384512678E-01  1.7364144069024388E+00  4.4257744768596025E-01 -1.0439885220646969E+00  6.8171346090845755E-02
 -5.3416987082160683E-01 -2.4505376851022356E+00  8.0895701357638550E-01 -2.7519419093577659E+00  4.1169861638138903E+00  2.5502627016266954E+00
 -1.4424464877334990E+00  3.3086455343513865E+00 -1.6003462996374449E+00  1.5554839325503740E+00 -5.2298810159630333E+00  1.2238011216913836E+00
 -1.8476985582399486E+00  6.9187864038786300E+00 -2.6781592287914049E+00  4.3080187255857645E+00  1.0142461338537590E+01 -1.9400311245169009E+00
  4.6643287777791116E+00 -3.5775142550439272E+00 -4.7839313208405082E-01 -3.0912170970739203E+00 -7.3443446540014690E-01 -1.5428584906138023E+00
  1.0246090224113509E-01  4.9155398924574270E+00  4.7268724889074148E-01 -5.5227177918081105E-01 -9.6783569006408197E+00 -5.7748282054428934E-01
  1.8415397490570923E-01 -1.3965798606571205E+00  1.8488222958343996E+00 -4.2945183054895226E+00 -6.5937697314363399E+00  4.0527722452973519E-01
  2.4398698046327755E-01  5.5904102371874433E+00  3.4132656881909518E+00  1.8654039019374575E+00  1.4566691827386788E+00  1.1555064648052049E+00
 -2.6038120124962116E+00 -1.4669425410782071E+00 -1.9063867283500997E+00 -9.6026135699244737E+00  1.3064090362601875E+00  1.0596655019164813E+00
  2.2146335763150815E+00  3.5112520603288733E+00 -1.2960618336830912E-01  1.0912849969557619E+00 -3.8377579601754468E-02  1.3009668873303863E+00
  1.2349471246294008E-01  2.6122256049650988E-01 -3.8137147337047086E+00 -8.1067029064629959E-01  1.0707392233094393E+00  7.9708025518239234E-01
 -4.2613023628181042E+00 -6.4071090049964621E+00  9.7402313574974446E+00  1.7082655503022344E+00  1.6532543347445012E+00 -2.5536561522761669E-01
 -2.0947983351674382E+00  5.4348379966927474E-01 -2.7478081001583304E-01 -1.6049195500675744E+00 -8.4915026287707385E-01  2.3256285641459016E+00
  1.3561309270599935E+00  6.6273971726194381E-01  1.3951437570080790E+01  3.0459957856961708E+00 -6.5274211638634014E+00 -3.7071240124196523E+00
  2.0729768084241744E+00
ORDER     4 BLOCK     1
 -1.3934932046992965E+00  4.3861252049916510E+00 -2.4704311895255779E+00  2.8365982239589345E+00 -3.9470622538800488E+00  9.5767933480608747E-02
  3.3264902824493934E+00  4.0988613046569267E+00 -2.4774231915280813E+00  4.4991087582159139E-01 -7.3190743975485759E+00  5.2443232599869560E-01
 -1.0896242780268008E+00 -3.4821905729718790E+00 -5.7120342616288386E+00  1.1435092076445601E+00  4.5259147592833342E+00  1.4580627564262059E+00
  4.8717373243533109E+00 -3.2342704635580390E+00 -4.0608414450162273E+00 -5.2749390834406995E+00  1.6441722297259644E+00  4.4749257212960174E+00
  8.3993382291793639E-01 -5.7469219115516357E-01 -9.4424281477670724E-01  1.3624342155096438E+00 -1.9656984576179972E+00 -1.6711496430458492E+00
 -6.5386002635822593E-01  1.3725766190024185E+00  6.0101268354076764E-01 -5.2819048897745302E-01  1.6324282341135108E+00 -2.2178186971927347E-01
  4.9114825728270139E-01  3.0008438725328240E-02  3.2884176678317738E+00 -2.4737497723619941E+00 -9.1346073647432957E-01  2.6227764822019134E-01
  5.6189469896678323E-01 -6.5675724966773019E-01  4.6519936642207940E+00 -1.0014935518930035E+00 -5.4735931076724462E+00 -4.6922003552376248E+00
  2.2827572904062987E+00  1.9965808457946828E+00 -1.0524314161678370E+00 -3.9256349198161827E-01  3.9642605301549555E-01  5.4833308448403251E-01
 -8.0845580672512196E-01 -1.3639977724156336E+00 -2.0437715749892646E+00 -2.0993606025806447E-01 -3.8087925206409028E+00 -4.7014425640505519E-01
  3.8010163919338984E+00  2.4102981822438094E+00  5.9484409265767035E-01  5.0665958502697084E-01 -1.0110732991618545E+00 -2.8014866012963098E+00
 -1.9041315591308228E+00 -2.6142269182748663E+00 -4.7032447506463643E-01 -1.8724856551051288E+00 -3.0677501933706561E+00 -2.1934030217094685E-01
 -3.8202829370418092E+00  2.7417867234471309E+00 -4.0041096415653561E+00  1.3724567216822430E+00 -2.9621049244756961E+00 -7.5326816503002636E+00
 -3.3010943599052744E+00  1.5290971355968344E+00  5.0542470761243585E+00 -1.8374667002945677E+00  1.8311388885736815E-01  3.6854558793874457E+00
  3.1679091387454945E+00  1.7003982626951579E+00 -2.5247512149967122E+00 -4.9485709004203537E-01 -5.9360053502774592E+00  1.4204694663160902E+01
 -5.2841861770758081E-01  3.0272672471863427E+00 -1.1174820344036601E+01 -4.1747486277247303E-01  8.6922537535128286E-01  5.2289564054203463E+00
  5.8565235232581321E+00  1.5850566255401857E+00 -3.9202149371919601E+00 -8.4134540405754255E-01  1.1422923615279561E+00 -5.3721791303763888E-01
  1.0343445832191211E+00 -4.0521125089309447E+00  5.3116391951519946E+00 -1.0034370117763562E+00  5.1581151999176464E+00 -1.6690120464438918E+00
  1.5106575960181308E+00  5.9304522572768126E-01  1.1233221013263206E+00  1.7293205351249075E+00 -4.8996864309595951E+00 -4.3397206260731430E-01
 -1.8529362170833752E-01  2.1890612501729789E+00  9.1708883990759804E-01 -1.9076691236798173E+00 -1.5872393086889658E+00 -7.1765441116267523E-02
 -3.0575665062913993E-01  1.4641442267342255E+00 -9.4589874647466621E-01 -2.2268803175846754E+00 -8.0800017970658211E-01  6.5110321824254980E-01
  6.3566714827212489E-01  1.2671484921285994E+00 -8.6996586581434598E-01  1.3817481496015178E+00 -5.5030759315282496E-01  2.0467129585668808E-01
  1.7545236174708094E-02 -1.7406159854029337E+00  2.5353605839008297E+00 -9.9055629784090871E-01  1.6676533982343495E+00 -1.0806708284663655E+00
 -4.0441809488434111E-01  2.1569851506566412E-01 -8.7465836012358933E-01 -2.7855985231782299E-01  2.7082061577953032E-01  7.5845906845758826E-01
  7.8876455917083277E-01 -1.3989711289079572E+00 -5.1118003320408290E-01 -4.0210118112994708E+00  1.1550048084287425E+00  4.3476592641553385E-01
  3.0220129742888382E+00  3.1158406465727179E-01  4.2176440275455496E-01  1.0381246576030283E+00 -4.2392510667584521E-01  5.7614206586051805E-03
  2.2888892978695528E+00 -3.6541088747713864E+00 -7.2741347568607040E+00  3.0051083143935950E+00  2.2170574980332507E+00  1.9728025860590275E+00
 -2.2148544942964214E+00 -5.8603107743403449E-01 -1.1643982114680385E+00  2.0349172702698466E+00 -5.9463915941066281E-01 -1.2354151678061664E-01
  9.5552185903492715E-01  1.4940229587498339E+00  2.5043508229118800E+00  1.7040562391250564E+00 -4.2693992638093747E-01  3.0172393964967776E+00
 -1.5383018706494211E-01  1.0142184205095117E+00 -3.9357531960503813E+00 -3.1455240947844056E+00 -8.1013217297022244E-01 -2.2250474814239538E-01
 -6.7920545841297947E-02  6.3398880512512257E-01 -4.7703302082908938E-01  1.0672668434731197E-01  3.5040384060824786E-01 -6.6085469379847361E-01
  3.4503379613145264E+00 -5.2635778134562159E+00  2.7786259860317140E+00  3.7009321679280225E+00  4.0548395376386610E+00 -2.6022974596830778E-01
 -2.7735791956005822E+00 -7.5981230669190900E+00  5.0096335907468035E+00 -1.5264318563899342E+00  5.3667635776963041E-01 -3.9397129137634797E+00
  3.6735216664561170E+00  4.1787002968724831E+00 -1.9774365624298695E+00 -1.1420195072158474E+00 -1.6998852763194914E+00  1.2241437660263463E+01
 -7.5814249038273296E+00  1.0577533797197480E+01  1.0562869502334497E+01  1.3210631932685949E+01 -6.2736071792335197E+00 -3.0145927257366418E+00
 -2.9372714261273081E+00  2.5319695921870538E+00 -5.8204242865990103E+00 -2.3363574112089318E+00  7.7339958357570748E-01 -1.1477154734721684E+00
  1.8909022195041696E+00 -1.4201065706376372E+00  1.3625739638001928E+00  1.6970649413498193E+00 -2.7700971829074130E+00 -3.7728934239132766E-01
  8.6368253715900922E-01 -4.2978233263513504E-01 -8.0770276782772381E+00  8.0963300765562707E+00 -2.8586672469866641E+00  1.3882150993300104E+00
  1.1498445822291832E+00 -1.0414724859234687E+00 -5.9095484130756706E+00  1.0857370364191523E+01  1.5507985609197110E+00  6.7574983446890942E+00
 -1.1398713747699704E+01  2.3290409216598458E+00  5.1427439614864978E+00  1.3049770666192535E+00  3.0470990192391018E-01 -1.1267540376716694E+00
  4.9147439359382510E+00 -2.9238572763415895E+00  4.4300151260372340E+00 -2.9440401755186216E+00  1.6883372494671478E-01  6.0088554921497506E-01
  8.2081514646169795E-01  1.1829283449617953E+00  9.5305050646094336E-01 -1.2315107423731928E+00 -9.8942738134353014E-01  1.2090315971666659E+00
  8.8974084098715416E+00  4.0747842312647169E+00 -3.0522009290829510E+00 -2.9873921766463565E+00  4.5005167923525846E+00 -1.1590943108064466E-01
 -2.2447657925346565E-01  6.4526398267618779E-01 -5.2714402606351329E-01  5.8860164116333520E+00 -2.4113042308375392E+00 -1.5761707697009733E+01
 -4.2692412440526448E+00  4.7172999130528082E-01  1.1710146554655372E+01  4.6518853493493619E+00 -7.2380789591139416E-01  5.4111724794392513E-01
  4.5947955040909666E-01 -1.1387004656042379E+00  3.1515581302189628E+00 -2.3095884764672481E+00 -1.7957241997602096E+00  2.6573190103987128E+00
 -2.0079592496398657E+00 -3.1978649167253867E+01  1.2037928850896051E+00  2.2472381775811883E+01  4.4467659465840520E-01  4.5165575778613807E+00
 -2.1557259806425469E-01 -7.9686741047964169E+00  2.3051624905884298E-02  7.3934024746678528E-01 -3.3511120836544985E+00  9.5117889556020874E+00
 -6.8937432362046613E-01  4.5749426139081582E+00 -1.9805099540651516E-01 -1.9629005467228515E+00  7.1075395476674297E-01 -2.0349266245955144E+00
  1.2019286968510201E-01  2.7971770843162220E+00 -4.4049087747158339E-01  9.9166250353448548E-01 -4.3003734648586578E+00 -1.3139876004146095E-01
 -2.0150581506650824E+00 -7.3512302538518384E+00  2.0152494058556911E+00 -1.6609955569765901E+01  6.0575465801052104E+00  4.2678826818022797E+00
  1.4444193804114331E+01  1.0225613726611320E+00 -6.8287694768414875E+00 -6.2675464311074949E+00  8.0668149009884016E-01  3.2662471011800931E+00
 -2.5263137454300848E+00  6.3623373060495165E+00 -6.2974716967174826E-02  4.0105423038264796E+00 -2.9138453731267742E+00 -7.3568846258692344E-01
 -6.1373848406335008E-01 -1.5900812622168432E+00 -3.0129349049568970E+00  6.6746524451933462E+00  1.9799406716788726E+00  2.0294086992403342E+00
 -3.9548215487500973E+00  4.3535054032587672E-01  1.6806678415728621E-01 -2.4163077034910088E+00  1.6874804311154894E+00 -1.4529900096676107E+00
  2.8509447449330522E-01  1.5322431197843127E+00  5.1108653068646381E-01  1.5210844051392203E-01 -2.2231566385611541E+00  4.0749855259433554E+00
 -2.0594398733663830E+00  1.1025874225766588E+00 -1.7320804996548125E+00 -1.1067946794507753E+00  1.3278767634183710E+00 -3.6793448038693928E+00
  4.6339718195268348E-01  2.1830656572057539E+00  1.0346463071560372E+00 -3.5918310545402887E+00  3.9759072620971461E+00 -8.9926550887899637E-01
 -3.8079486963072012E-01 -1.9094073638656003E-01 -7.7733644655893541E-01 -6.7370265315356304E-01 -7.6361313676112841E-01 -8.0585056506733443E-01
 -1.7774955063136555E+00 -1.8422303310174819E+00  6.6317092743740940E+00  5.3695716244988945E-01  1.4236413761231395E+00 -4.4399785058101182E+00
 -5.3670661891244800E+00  2.7965110248032530E+00  2.2366564898664507E-01 -9.9806031002016571E-02 -1.3837142542079184E+00  2.5454833748043972E+00
 -2.8375086446755544E+00  8.9710453805294355E-01 -3.0158184953882106E-01  2.7984608722648776E+00 -9.5229986536868267E+00 -2.2354986587228596E+00
  7.1919769379965413E+00 -1.0932326358298743E+01  3.4011288139120341E+00  1.7333906107505328E+00  1.0422931375482072E+00  1.1997743308908477E+00
  1.2200719587454452E+00 -2.7215213533325139E-01 -2.8520832450305478E+00 -3.1769357955662967E+00 -2.3457203528093489E+00 -2.4176744466612549E-01
  5.1914024457970624E+00 -2.0461796053086236E+00 -2.9399950263710091E+00 -3.9455987193541103E-01  1.1196843107189807E+00 -3.3807627320652318E+00
  1.3325452928517911E+00 -1.6242311770307145E+00  6.4695688994908673E-01 -1.5789704037134384E+00  7.7959823430525710E-01  1.8352421035152067E+00
 -6.4899514595755137E-01 -1.8945368770711914E+00  4.7591578308419935E+00 -2.2514849553398499E+00 -3.0728409800110001E+00 -1.9479122839963265E+00
 -2.9465049582164493E+00  9.3846958509975487E+00 -5.3166968766569127E+00  9.0840128150406194E+00 -4.3925547194626393E+00 -1.2444484256749522E+01
 -1.8974386105226553E+00 -4.7411697920672795E+00 -6.7642282963959595E+00  9.3940207681380414E+00 -9.4699869604949551E+00  5.5422633431309598E-01
 -5.2557449793336950E+00  1.7235686642966344E+00  1.8933459365849097E+00  4.9801122205374593E-01 -2.3352012381029046E+00  1.2687560995030784E+01
  6.7404780636965600E-01  1.3146978579404500E+00  1.8912442984704714E+00  1.9545655925766670E-01  1.3836638801920556E+00  2.9337340072895102E+00
 -2.2243753885859858E+00 -3.3899038368018011E+00 -7.2262773465872412E+00  2.4320946674904809E-01  2.7310146380588081E+00 -1.6233603483576525E-01
  8.9174485773618102E+00  3.7725406689126006E-01  1.9913141531953132E-01 -1.1367172902888575E+01 -4.1298067440066227E-01  5.1034504160973393E-01
  2.5466808878238698E-05  1.0933819667448938E-01 -5.4497774843399736E+00 -2.2742955640595822E-01 -4.1566508932663643E-01  8.0416519079663971E+00
 -1.0240343869578854E+00 -4.9135373477651662E-01 -2.8195495750170296E-01  5.3356590783520230E-01  1.2402216819965235E-01  4.5337807804181923E-01
  8.5434982253257941E-01 -4.8785401496303322E+00 -9.4393972565057260E-01 -9.1670174618960798E-01  3.9084654989833161E+00 -2.4195590300810313E-01
  2.5571903284763761E-02  2.8869750843341386E-02 -8.5932327839759778E-02 -4.0216203099684362E+00 -1.4528898337722580E+00 -2.7248234844210595E+00
  5.8106990402666652E+00  1.1818178868912037E+00  2.4703686885328380E+00  1.7166277695069396E-01  3.4069312988074352E-01  1.4156206654612100E-01
 -1.1004751994505506E-01  1.5921344454148134E-01  1.8106614832348438E+00  1.5750450803125444E+00 -2.3926084709539808E-01 -1.1191229849647331E+00
 -1.6409235413886907E+00  1.3779617670690320E-01 -2.0741201044330440E-01 -1.2088797265520140E-01  3.0456770193964888E-01  1.3239530355305087E-01
 -4.2532005569326500E-02  3.7027864140481655E-02 -7.7738869176073582E+00 -6.5526409991427919E+00  7.3104258755213003E+00  6.5429740314026730E-01
  2.7168439637933259E+00 -5.7808422931700587E+00  1.3282044633552341E+00  7.1839536938545001E-01 -6.8733152991132540E-01 -5.6276834219019412E-01
  4.4467810657479379E-01 -4.0891097813608218E-01  2.3787807463499759E+00  1.3295506120670622E+00 -1.3833347826109923E+00  1.1732635916089960E+00
 -2.4029887715302105E+00  1.8032994121883428E+00 -5.4681051447426798E-01  1.2226887585554146E-01 -3.9553127378284020E-01 -4.5911030406140491E-01
  2.9926843681593394E-02  3.0355619723118749E-01 -1.6708150649522638E-01  1.0326360664870898E-01  5.7642046137436356E-02  1.4656542720946031E+00
 -2.9281074766126021E+00  1.7702751363310978E+00  3.1225923775672766E+00  2.2882377960658458E+00 -4.2813469687781431E+00  6.1467696903672597E-01
  3.7309088258186507E-01 -6.0586942309475866E-01  6.8814242970760567E-02  4.4284684841170163E-01 -1.9448301227304862E-01 -1.9319141903635493E+00
  2.7401160993626839E-01  1.2146349285244200E+00 -3.6706829364981646E+00  1.6425880944461948E+00  3.5232899700768132E+00  1.6329440787498715E+00
 -1.5520807082832273E+00 -2.7725428461504267E+00 -3.0685359246298773E+00 -8.8674224550244574E-01 -2.6615955876075894E+00  2.3219423031937971E+00
  5.6362096489554752E+00 -3.4653015415348515E-01 -2.3757114539875017E+00  1.9402915509440444E+00 -1.0983555181911795E+00  4.8089790797998028E-01
 -1.9071255970768959E+00  1.0195606379885880E+00 -4.9734930350087897E-01 -4.6726185048776675E-01  3.9943634187539483E-02  2.0083828416824980E+00
 -7.1620286121741810E+00 -2.5652091394047694E+00  4.7030249937912894E+00  2.0336034780165960E-01  2.2084127643045751E-01 -4.0958685521887483E-01
  3.8586538568058976E-01  2.4161807320310630E-01 -5.2886794865778623E-02 -8.4213943355750764E+00 -7.1833017293762225E-01  7.9214076047754478E-01
  1.8000387144391993E+01  6.2612781942151763E-01 -4.9977072752391133E-01 -3.3816403976336215E-02  6.8844597586978126E-02 -4.2580592986000344E-02
  2.1402752994636057E-01  1.2949806604282574E-01  3.3805872559995576E-01  1.0093034015741669E+01 -6.8206394112147972E+00 -4.8084291648095068E-01
  3.4599983444363622E+00 -2.8824634204027855E-01  9.7399939909915564E-02 -4.5842071756328044E+00 -8.6405468363109994E-01  2.1910792805705626E+00
  5.1097224528613705E-01  2.1101039226266846E-01  2.0688717352404642E+00 -1.0447641128137137E+00 -4.7764731206501609E-01  5.0878520759056389E-01
  4.1896355469327705E-02  5.8707932480298752E-01 -7.1159735334106480E-02 -7.7186825014573232E-02  2.7742743334675753E-02 -1.0047818970908091E+00
  7.3974017886396459E-02 -4.4747761686283294E-01 -6.4852411410158846E+00  2.1943798964056125E+00 -1.0516738564133714E+00  3.7152137688811839E+00
  3.3304674527915608E+00  2.9573100323501684E+00 -7.5820094022665279E+00  3.8717982129680828E+00 -2.9501003389613190E+00 -2.7411363923394139E+00
 -1.1145337364951434E+01 -2.1788750143509112E+00 -2.5974390520115733E+00 -6.5644938263464159E-01  3.4246578412937101E+00  1.2476896173630758E+00
 -1.4841239529826855E+00  3.1496786034922595E+00 -1.7534176499091390E+00  1.3400561999087623E+00 -5.5339408991750902E+00 -4.1281470895205734E+00
  9.8317090911247149E+00 -3.2188458951974557E+00  2.1778247273058988E+00  1.6393069466372774E+00  3.3051267913016460E+00 -6.5948682798298730E-01
  8.1938928228343393E+00 -2.1768375460373184E+00  4.4188294049637342E+00 -1.1967484783766412E+01  1.7223692327002291E+00 -3.5390032867199892E+00
 -2.6080414950772384E+00  3.9559073008601553E-01  2.0793306053894645E+00 -2.8614043832860938E+00 -1.4672744519955312E+00  5.2200983456293688E+00
  1.7183921053193367E+00  1.6408291153206322E+00  1.7200177390189537E+00 -1.3497521829696568E-01 -5.1103025391837453E-01 -8.0322404118265869E+00
 -2.1940162253938551E+00 -3.8423561892797559E-01 -1.8806964295012236E+00  1.7830429436898070E+00  6.0193359404677738E-01  1.0305764507830082E+00
  1.3400496765102585E+00 -3.9527770695776437E-01 -1.9785660293844187E-01  4.3536754758094229E+00  8.8883198982236111E-01 -4.0126086753773299E-01
  7.2486339017667856E+00 -5.4330289014300326E-01  4.0032702179310581E-01 -3.3149423163284814E-01 -3.8594280144928628E-01 -2.1011760154097009E-01
 -1.4718977014243317E-01  2.2428748074421306E-01 -1.0688525662128132E+01 -2.9143508450900613E+00 -1.4573379192662722E-01  4.5201916531112660E+00
  2.6800017778655252E+00 -3.0934069715852974E-01 -2.1716452179391926E-01  8.3330552237139074E-02  7.4945205001215473E-02 -3.4370291108403710E-03
 -6.2151684206297164E-01  1.9116221222876276E-01  1.7841100314273213E+01 -1.3842101853891819E+00 -5.5843962915933716E+00  5.0259289906854843E+00
  2.5236028805517576E+00  4.3023482721860908E+00 -3.5988905875363819E-01 -5.4197919943321071E-02 -1.8723761842333979E+00  3.5986167087053644E+00
 -4.4283427113559126E+00  2.4374769834886965E+00  1.7766797792246072E+00  6.7814061794562415E+00 -4.0481947534263281E+00 -4.7822104660230519E-01
 -1.7023689627576243E+01  3.1169577636207815E+00  5.2827162021977003E-01  1.8721396739197971E+00 -5.8654668036248814E-01  9.1438808693849971E-01
  4.3414589614188420E-01  7.3866154139641704E-02  3.3730706021574702E-01  2.5637399872364428E+00  3.1344667149454247E-01  4.1412842795102751E+00
  2.4941995191448711E+00  5.3407973382924565E+00  2.9052975991566612E+00 -1.5325354725817673E+00 -4.0232170437101145E+00  2.0735626802935041E+00
 -1.0117979523289162E+00  6.5194587607128401E-02 -1.3951882296163959E-01 -5.3127818507640667E-01  6.3837860877720753E-02 -1.4332269109227864E+00
  4.4923175164430496E-01 -2.3873979087900890E+00  7.9340166843910715E+00  1.8493342986011438E+00 -1.2228616626104298E+00  2.3045915552131855E+00
 -1.6835488135382952E+00  9.4047886695187555E-01  2.1189024379746146E+00  7.0583232164244303E-01  4.4818867418680963E-01  1.0528004291825242E-01
 -3.0635215569119290E-01  2.8282771342176011E-01 -5.5860259599066389E+00 -1.1531957334078888E+00 -1.6003682514613018E+00  3.8117474572400574E+00
  2.3602618627523939E-01  9.5541603032312461E-01 -4.3612304842567511E+00 -1.0187171312390748E+00 -8.7730395446387288E-01  2.9079084088710699E-01
  5.1659932382871399E-01  1.7857406319357416E-01 -2.8717655062658543E-01  4.1062391217905436E-01 -6.7386530624256402E-01  7.7448677980206715E-01
  2.2894470281655915E-01  6.8090611032577941E-01 -1.1472923605633105E+00 -1.1790017026238006E-01  5.4375573037097684E+00 -7.5199057635086508E-01
  4.2536227323759467E-02 -3.7435795622022265E+00 -1.2815848353158363E+00 -6.3364067217939768E-01 -8.9176976789108453E-01  4.3368554146154764E-01
 -2.8039426724988392E-01 -6.1764920910797327E-01 -9.1574926236997356E-01 -4.5153507198453108E-01  1.0064479629521256E-01 -1.2761243879395705E+01
 -5.1767677162890200E+00  8.8668358990251441E+00 -7.9453172221741015E+00  3.9300051593143972E+00 -7.3290105345895373E+00 -1.0332559903824098E+01
  1.5856102381652968E+00 -5.8374882547995699E-01 -6.7595755004608749E-01 -3.2912906355049804E-01  1.5049481654735908E+00  4.0561850728155289E+00
  3.0839086423450359E+00 -2.0766587877103730E+00  1.7800217519704034E+00 -1.0612245138189857E+00  5.6957110464100513E-01 -6.9201270444904228E+00
  3.6383210294782753E-01 -1.9403159329700242E-01  4.9237831850052693E-01 -6.9278653866080830E-01  1.3405237734573654E+00 -4.5543252967535414E-01
  1.0427398807850956E+00  1.4036856069505632E-01 -2.3117912235502364E-01 -1.5977685954413419E+00  8.4088298536606113E-02  2.2619488454000480E+00
 -1.5312479930533469E+00 -3.1711224390382422E+00 -9.5420391221996304E-01 -3.5197008738059394E+00 -3.8661520507238172E+00 -2.8213001056313081E+00
  5.3121684356744303E-01  3.2871126543406439E+00  5.7762851617459052E+00 -3.1084361211684941E+00 -3.8035779090138058E+00 -2.6599245240962017E+00
  2.4647368270579775E+00  4.9086013785788252E-01 -4.0117344929664220E+00 -1.6829594350089667E+00 -5.7896735589338615E+00  2.0045491661217181E+00
  1.5180453905364610E+00 -1.3115647894579038E-01  1.3200947613827521E+00  1.6332615419257696E+01  3.4957204381252098E+00  3.4309338044445754E+00
  7.5287096089682004E-01  5.7945361041239096E-01  1.1709503522169287E+00  7.5424094971683808E-01 -1.3427842463906980E+00 -3.3979757514250830E-01
  1.9528523638944625E-01  3.0776409390369053E+00  1.6977438843944450E+00 -1.5398676344878690E+00 -1.2026716880953900E+01 -8.7449020071958372E-01
  2.8997517214340912E-01  2.3476803368935056E-01  1.8049519255810184E-01 -6.4919766884165897E-01 -3.7407327045905758E-01 -2.6385059153126289E-01
  2.8819397357861209E-01 -2.8128972161782460E+00  9.5377961001445044E+00  1.9552031372542573E+00 -4.5745723369385765E+00  1.6891548915501695E+00
 -1.0811111689907321E+01  2.7002764132140409E+00 -1.3891914312017426E+00 -4.6922368633078086E+00  2.4675490683585366E+00  9.1591736148883607E-01
  4.9072620014311488E+00 -4.3510887573678705E+00 -8.6167604431175315E-01  9.0821932855868748E-01  9.9603756606102012E-01  9.4111393042797287E-01
 -2.6843109327414377E-01  3.6048268195150342E-02  8.7938159854164047E-02 -1.1259177260912383E+00 -4.7919594212807276E-01  1.7095671932984313E-01
 -1.7580472355512788E-01  3.0697429741424460E+00  1.0860200807664828E+00 -2.5273931830764029E+00 -1.8009575509869096E+00 -7.4762223184284349E-01
 -7.6541975347355518E-01 -9.7882725700521722E-01  2.7287978879464148E+00  5.1217680890060513E-01 -9.2372380512298388E-02 -5.7347546434904650E-01
 -9.4357517188577866E-01 -5.3398804164107427E-01 -1.0398396713979503E-01 -3.7793984435181085E+00  4.2872902664236063E+00  1.1788360200254848E+01
 -3.8247658445652002E+00  1.5383756586238176E-01  2.9755077326220478E+00 -3.5052712171413919E-01  1.6119870471264197E-01 -1.3516737331617379E+00
 -4.9215183045558719E+00  1.2090717286292938E+00 -6.1092246051557257E+00 -4.6450770275474333E+00 -8.1565981772885598E-01  2.5711172247474985E+00
  1.4615208266022568E+00  1.0261399243491456E+00 -1.6707557532378348E+00 -9.1686783018936824E-01 -1.9700460658937766E-01  1.8388370491341004E+00
  5.2278023824900970E+00 -3.9137597029314769E-01 -4.2013904107523803E-01  1.3405567842219015E+00 -1.4536651995270400E-01  8.8672058730938419E-01
 -9.3110797369445886E-01 -8.5640881710637745E-02 -5.3139221848417462E+00 -9.3488048270452282E+00  6.5625739521340689E+00  5.5845999774588266E+00
 -4.6932056591368732E-01 -1.2232696615551527E+01  6.9771106708957442E-01  3.5899165274900890E-01 -2.9250958067504040E-01  4.5273873717865026E-01
  2.4101468549976693E-01 -5.6085810385363630E-02 -1.6999819050777973E+00 -1.9435305131691862E+00 -5.3965660661579182E+00  2.5968621776305265E+00
 -1.9930933679269269E+00 -2.0295283154926578E+00 -4.7389367187124618E+00 -4.1111185937989952E-01 -1.6170987814774431E+00 -2.6133964862763146E+00
  3.2494363813182865E+00 -2.1386783440616410E+00  2.2653859926502684E+00 -1.4275944823918247E+00 -9.4926351861071439E+00  2.9974303596577503E+00
 -9.9887368830206796E-02 -1.0449971659939456E+01 -2.0930595428902561E+00  5.1564904919558596E-01 -6.6866022489538324E-02 -8.9724890243447186E-01
 -1.4230313762000357E+00 -2.1206534299040052E+00 -2.4658859584259973E+00  6.8752942571023268E-01  7.0626631723832556E-01 -4.9600370763285312E-01
  2.7470545126555651E-01 -4.2847432606154134E-01  9.1977212694969923E-01 -1.0440564428369106E-01  1.3190186491006550E+00 -1.3787695873610442E+00
 -1.4745348327494132E+00  2.2883681843207819E+00  9.6584044019619231E-01  1.3309984447709926E+00 -6.5555400517114448E-01  3.3023393828216743E-02
  8.3441963004970587E-01  6.3898299752772794E-02 -7.7340404130156429E-02 -1.0905719975317063E-01 -1.3624440967168645E+00  2.7510793349559988E+00
 -2.1693584811663476E+00  2.3653946051300609E+00  8.9295640676269485E+00  1.9798641037433078E+00 -1.5978247869541684E+00  5.9518103291002369E+00
 -2.9139913489553808E+00 -8.9217290555202009E+00  6.3748030870427663E-01 -3.2764310339098066E+00  1.1336554350922349E+01 -7.3265754496187163E-01
 -8.7801901230235666E-02  7.0381666090797312E-01 -4.1119278721076624E-02 -1.6987162518412163E-01  5.0555691839775085E-01  1.6029786252769354E-01
  2.7353317631037219E+00  6.7134784754110188E-01 -5.8897318515053435E-02 -2.4989864117546556E+00 -1.9577043081008778E+00  3.1662859408615895E-01
 -2.0820497284361972E+00  1.6157725594167651E+00 -7.1472584619602142E-01  2.9439619418306545E-01  2.4109218812668773E-01 -1.6971044601476587E-01
 -5.4981937152630134E-01  8.4213514265469713E-01  1.1911321381923606E-01  1.6242909430230488E+00  4.4117304961520554E-02 -5.8846783427490912E-01
  1.9749274459182193E+00 -6.1035610356488750E+00 -1.6230820544403710E-02  4.3904970171731508E+00 -3.0425813234967447E-01 -3.1604852977348635E-01
 -1.2210415574123863E+00 -1.2178296478046320E+00  5.4502719082280038E-01  2.9922675657099744E+00 -8.2598950932758330E-01 -7.1191116366129465E+00
  1.7693736719895126E+00  4.5931964041491125E-01  6.0168920607582139E+00 -1.1441043682188186E+00 -7.7075808848160798E-01  1.1679767290030147E+00
 -4.7371694058891661E-01 -9.7371137306836483E-02 -4.5950187133955095E-01 -2.3122614792127494E+00  6.5261377292473310E-01  9.8840820762569048E-01
 -3.7869492914590519E-01  9.1647242326410394E-01 -1.1069348591389008E+00 -1.7543730293528572E+00 -1.3469329540889977E-01 -6.2854750625024514E-01
  9.5984121464203458E+00 -5.5620206299510366E-01 -6.8368433140851295E+00  9.6138893598714170E-01 -1.2056424583968546E+00  3.1347517453776924E-01
  1.0119548414969290E+00 -1.7249494754941579E+00 -1.5458700875205014E+00  3.3317668968857581E+00  9.8327796645362631E-01 -9.5048781630020551E-01
 -4.2181007793192595E+00  5.4589555434690062E+00 -3.1809554272904204E+00  5.8176818815706035E+00 -6.0614567887680231E+00 -4.0783433474798580E-01
 -3.5458298981683329E+00 -1.9781787142439180E+00  9.8234432065116883E-01  5.7637601204734210E+00 -5.9805446526243822E+00 -1.3522972299933615E+00
  2.4757419709918542E+00  3.1948658364651799E+00 -1.0102272070113549E-01 -1.1141616084936610E+01  1.6365838547091272E-01 -4.8893354257418542E-01
  5.3118669004494299E+00 -5.4117383501270453E+00 -2.3764622325299829E+00 -6.2729073527092565E+00  1.3680583686951811E+01  1.7245054114336076E+00
 -3.3291625369048700E-02  2.2881759463582640E-01  5.2284992785906526E-01 -4.3588205026808318E+00  1.5955972940687255E+00 -5.0373925891315052E-01
  8.9354109144450842E+00 -4.2878443883936441E+00  4.2712805585485425E-01  1.5471565253388206E-01 -8.4872281384255774E-02 -6.2400568355595210E-02
  1.3214133728563027E-01 -6.3754343344330222E-02 -3.9522409113188572E-01  4.4439226759102848E+00 -1.5927988886750340E-02  1.5939357057562295E-01
  1.0603955457217533E-01 -1.6710940269437382E+00 -6.8839322861765062E+00  2.1655060814582550E+00  1.3091098152280982E+00 -5.6440761764637704E-01
 -1.4185967568559763E+00  1.2812450115038567E+00 -2.6710503830494164E-01 -2.5717768072417471E+00 -1.2108833275856130E+00  6.6991997745094878E-01
 -1.3978428140506050E+00 -4.8262547990526672E-01  3.7029388949193129E+00 -3.2062839974519206E+00 -2.1063269437511973E+00  2.1942040020744225E+00
  2.0241447667545507E+00  2.8671869578331122E-01  7.8239727240235410E-02  2.8645193680123665E-01  6.9761582703705272E-01  1.9768869364887656E-01
  3.4945544259027312E+00 -4.3839187380567718E-01  1.7210889499373232E+00  4.0849259904192303E-01 -1.5334598099927382E-01 -1.1807004409546291E-01
  2.4724457739969608E-02 -1.8852641791405647E+00 -8.2502413608136371E-02 -2.4450056617847432E-01  1.6189878366647048E+00 -1.9191146879829002E+00
  1.6475188754838075E+00 -1.2259551547614958E+01  1.5077705413648141E+00  1.7566525120129883E-01  5.7564919373692812E-02 -2.2176247256940773E-01
  2.7533126833045301E-02 -1.6613351631092210E-01 -8.4580696764982422E-02 -4.5658576134445961E-01  3.8206081878038871E+00  1.1209856720883149E-01
 -3.0314751793533579E+00  7.2780499670831833E-01 -9.3029171371979635E-01 -2.5831114768197261E-01  4.0233762623916478E+00 -5.5536161425031472E-01
  2.8119088620208199E-01  1.2162247074142956E+00  5.6221167776540926E-01 -8.7399542524740204E-01 -2.0239095909730812E-01  1.7649072152095275E+00
  4.1699192437104617E+00  3.8497481404798268E+00  4.4887129645602224E+00 -1.4366440249579786E+00  9.5516604774656444E-01 -3.5946941503755725E+00
  6.7515678532939882E-02  1.0444931791713459E+00  1.1740791162060506E-01  2.6438881974642992E-01 -2.0349548735506662E-01 -1.2685489969502867E-01
 -1.1148195416824540E+00 -1.9659033389641556E+00 -2.8654932310012149E-01  2.4452907412765637E-01 -8.3917430720135722E-01  4.2868280416671833E-01
 -4.6606508841737809E-02 -3.8937248416240566E-01 -3.1886694872383609E-01  1.9184531818630282E+00  3.0373975614749376E+00  3.0978583614537176E+00
  1.2449931179868778E-01 -7.0150794602817061E+00  2.3437942410708206E+00 -7.8137433246389563E+00  1.1480055988319837E+01 -3.8545397460873478E+00
 -5.2236630454936686E+00  1.8557398261502073E+01 -1.5830170238113595E+01  2.3744156350984289E+00 -1.1712256330514168E+00 -1.1192274571854972E+00
 -8.9289034443965087E-01  1.2273032390251568E+00 -3.0334291414453478E+00  4.1965718971271855E+00 -5.0700245363175300E-01 -3.4940540071172355E+00
  9.0722783704884324E-01  7.9166833967093524E+00 -1.7528410592207391E-01 -2.5137442672250665E+00  1.0919485829821149E+00 -2.2273311250495524E+00
  1.2010637481238245E+01  3.3040545174661706E-01 -1.4030160606807840E+01  8.6315631089139477E-01  1.1111713013998655E+01 -2.9357685648540305E-01
 -3.4865923558456209E+00 -3.6807522745420740E+00  4.9198376943445172E+00 -2.6108300532026881E+01 -2.4750972338491080E+00  1.7162486985385627E+01
  2.4126025848156680E+00  1.3154507047043136E+01 -2.4330832485176213E-01 -2.7646522844602015E+00  3.2540204003590376E+00  4.2723299397751124E-01
 -4.3202697224754045E+00  7.0846045397579189E+00  3.2407712747529160E+00 -5.7916023676570116E+00  2.4583025348562031E+00 -9.1812925621449963E+00
 -2.7294551280934467E+00 -2.7869568195267034E+00  2.5732282726133771E+00 -1.7165805370002005E-01  2.4798003985463231E+00  1.3433669763417666E+00
 -3.0499707612479741E+00  3.4333004949837709E-02 -1.4696425277549297E-01  2.0098817883841558E+00 -1.4299966025843975E+00  4.3563052958624887E-01
  3.8449733189999357E+01
ORDER     4 BLOCK     2
 -8.7505554945482922E-01 -3.3517514261032177E+00  1.7456023287585445E+00  9.1897935580323720E-01  1.5559141579879521E+00  7.0287797567854515E-01
  5.8394593675293227E-01  5.0759001032360251E-01  1.7199317603822408E+00 -2.3397578456271626E+00  4.8564081285256302E+00  1.3986638048795674E-01
 -3.3597022291272718E+00 -4.6128207142192652E+00 -4.3947712629557723E+00  3.6411368775950965E+00  3.1432937495930959E+00  1.9156613599029415E+00
  2.6295783851186925E+00 -3.5923072551049615E+00  4.7267965895965718E+00 -9.2715605043339899E-01  3.1028591277404298E+00 -3.9584499711051926E+00
 -6.0443372251030281E-01 -2.5327690846994777E-01 -5.0691681189243010E-01 -1.3198494756122030E+00  5.7405815324798604E-01  1.7731727764451330E-01
  1.4132598232135636E+00 -2.6753496360160406E-01 -4.2899518422871008E-01 -3.1567723629409439E-01 -8.3290498842474758E-01  2.5389516522149996E-01
  5.1750994992958121E-01 -2.4720093990431333E-01  8.7515781349086152E-01 -4.5162715219689553E-01 -3.2347132210960011E-01  4.7879704949253798E-01
 -3.9889636625640070E-03  2.8512322362067057E+00  3.7334154876745487E+00  2.2533570491531463E-01 -1.4656433411673895E+00 -2.1697301272472096E+00
  1.7656887077624306E-02  2.0541655438366657E+00 -1.6899324832777560E-01  8.2032001750502737E-01 -6.7697129858918167E-02  1.5738449241582675E-01
 -4.1579347751961382E-01 -2.0614905527171250E+00 -4.7433507322159796E-01  7.2778106681815991E-01  3.2538894325959515E+00 -9.3478872604573982E-01
 -2.6225097808001441E+00  7.6335692405799283E-01 -7.4459248294402147E-01  2.4304703820242754E-01 -1.5710662810534037E-01 -3.5840676506515451E-01
  1.9131293332349790E+00  3.3018038805016783E+00 -7.4055550804585923E+00 -5.2354156912029182E-01  3.2192361966572924E-01 -6.0517694970582721E+00
  2.6378196983922160E+00 -3.9271297019182665E+00  3.9849352438904789E-01  7.5284487800297910E+00  8.8532996778485451E-01 -2.1890995732208434E+00
 -1.4082486721004883E+00 -6.7514409852287365E+00  2.6316650086522499E+00  1.2896534015035861E+01 -6.2060684881837069E-01  5.9519361202582868E+00
 -2.0558800754049833E+00  1.1638790693725416E+00 -7.9628510171919915E+00  2.7069679453143841E-01 -1.2788789767333002E+00  5.5688120633939038E+00
 -3.9497842935505729E+00 -2.3034109725725629E-01 -7.4959937588308923E-01 -4.0282807969827344E-01  9.3784809270689562E-01  1.5270578421131860E+00
 -2.5088128054794662E-01 -9.5616070965995659E-01 -1.0471089112829757E+00  1.3104171122807138E+00 -1.9040023249094773E-01 -4.9107423713856790E-01
  5.1400675144026242E-01 -2.2562045702503583E-01 -3.1629078513992468E+00  2.3635765976592302E+00  4.2541750208095008E-01  7.6489202753477969E-01
  1.5922777548901643E+00 -3.2363581351725563E+00 -3.4473441848193280E+00 -2.4683235338469629E+00 -7.5482094094188146E-01  2.6964913316049746E+00
  2.1866392652961935E+00  2.1719359785907795E+00  6.1424558519238792E-01 -1.3557142654402019E+00  4.5937725951724490E-01 -6.6809353015142792E-01
  1.5925549906541552E+00  1.0089052635680487E+00  2.0459420097057706E+00  1.3763454145348910E+00  7.2198670855628744E-01 -7.9320508426905501E-01
 -1.6171764890472460E+00  3.7973983254942806E-01  2.3650138592403778E+00  1.1322564284798493E-01  3.3637136001335738E-01 -6.2909649562710679E-01
 -2.6731540390157060E+00  8.6331841643229321E+00  9.7968912054462132E-01 -7.1986522537388051E+00  9.7101409822622953E-01  2.0964511440083302E+00
  5.0133877402964114E-02 -1.2898732361670162E+00 -1.1155532289177739E+00 -1.9988219325415593E+00  4.5593156541950688E-02  5.6134347704680181E+00
  5.0952587139265526E-01 -3.1151591703651804E-01 -5.0934970879748533E+00  8.0851143553448884E-02  3.8451461705164858E-01  1.7606851423406555E+00
  5.4939139420689875E-01 -5.3296565220999748E-01 -9.6930185734142504E-01  5.8633748832371479E-01 -1.4051114724300878E-01 -1.2866863753248874E+00
  6.2454016944840318E-01 -6.6866624278103712E+00 -3.7305416921691812E+00  6.5267291144854083E+00 -2.0168767015837087E+01 -8.7241343738979416E-01
 -4.8886912334964083E-01 -5.4753306126897083E-01  1.6570055414870830E+00 -5.9464152243436175E-01  2.3258825527900659E-01 -4.3144588321516197E+00
 -2.5615487864154436E+00 -5.4268421333168497E+00  3.2064256497334003E+00  5.5470259583867234E+00  1.8155632379627438E+00  1.0871933818346904E+00
  3.3559457583801494E-01  5.4708323587163343E-01  8.1945544747322829E-01 -1.5481237608421698E+00 -5.0761945691134347E-01  1.2395598178371181E+00
 -6.8305307033054097E-01 -6.4232017289438881E-01  5.5802059336039580E+00 -1.8104006997126110E-01  6.1672323982393724E+00 -4.2504542934701595E-01
 -6.3465901435869547E+00  4.2753957893550792E-01  9.2146354828204613E-01  2.7205764675584265E+00 -7.5086294645074787E+00 -2.1784604229967415E+00
 -1.4338960552157021E+00  4.4802329237946443E+00 -5.1683882664984164E+00 -1.3921855816387001E+00 -1.1367930357236387E+00  4.1050010406975481E+00
  1.8198452697742686E+00  1.7950834481507707E+00  9.5015340623230493E-01 -1.8611821360626321E-01 -8.0898614046012938E+00  6.5642604012273269E+00
  2.3698891178316059E+00 -5.1591116300846416E+00 -5.7866939818775764E-01  1.3934984464907219E-01  8.4143515353810150E-01 -6.3452175905758279E-01
  4.1014365993855223E-01  1.5115960621351451E-01  1.8724708464222910E+00 -1.4531047228016927E+00  2.1680069559600548E+00 -3.0833079508872494E+00
  1.1432923895714640E+00 -1.7744296032318227E+00  4.9461856423234818E-01  1.9190584242338699E-01  2.9076531932233751E-01 -2.6289600527304835E-01
  3.7105982139726068E-01 -1.4145087803483733E-01  1.7301362132918370E+00  2.7208041642160516E+00  1.1203197954259088E+00 -2.4873868360122682E+00
 -1.1422704140061357E-01  3.3190692951863818E+00  1.5180970561466464E-01 -2.2027715276719060E+00  4.3215850350130420E+00  2.2425023565796076E+00
 -2.4937915719377055E+00 -3.7056278997108194E+00 -1.8632271577327313E+00  2.1188003019505954E+00  4.8654065478815639E-01  1.1144846775579607E+00
 -1.1672198924280999E+00 -1.2134302924944791E-01  4.1210730035444065E-02 -3.5576932946779283E-01 -1.5309423612128732E+00 -4.7871235115582916E-01
  2.4697413661677145E-01  2.2433538296365252E+00 -1.2976351239951196E+00  2.1833829515668510E+00  5.1568207369648222E-01  1.1589580406607656E+00
 -2.2468129826931360E+00  3.5463560779113074E-01  1.8293907161668929E-01 -4.0618958353063345E-01 -4.6777020868900310E-01  2.2954357906945499E-01
 -2.5491313428514684E-01 -5.4904030013203098E-01  1.2414484689853610E-01 -5.9843058897981760E-01  2.7527258495569855E+00 -4.5214881174772685E+00
  2.1007277187191709E+00  3.6321860415560860E+00  6.3144227759185567E-01  2.5801585759406098E-01 -1.9863200820293142E-01 -2.4844970897215122E+00
  7.0627585772558343E-01 -3.7333156386616673E+00 -1.4395069981807591E+00  6.2286256083103586E-01 -3.5775246059483825E+00  8.5936664042852939E-01
 -5.1403507191450581E-01 -1.2378149773001932E+00 -5.9436922710281981E-01  3.7358300929345767E-01  7.1927867192155312E-02 -9.1298304729214713E-02
 -1.7531457079953972E-01  1.1394090313955141E+00  1.0436049587578196E+00 -2.6811105239926664E-01 -5.7326816970367445E-01  4.0940324395035332E-01
 -7.4977448355952925E-01  6.5243050739024655E-01 -2.2794725545289415E-01  1.9894025054541911E+00  1.0951746408531586E+00 -1.3081745021253037E+00
 -1.4764071364054123E+00  6.5891931883453108E-03  8.6996262296842541E-01 -4.2325206797521586E-01 -9.1275546626664139E-01  1.4192083417780027E-01
  4.2972949352801576E-02  1.7157499083360842E-01  1.9655027525614177E-01  2.4299405950943229E-01 -1.1934144215747745E-01  1.9347229152930667E+00
 -4.5499300550250843E-01 -1.5943656826348778E+00 -4.3688367139762740E-01  1.1591633492304665E-02  5.5155187212546624E-03  1.0164552971542515E-01
 -6.0701405495073590E-01  2.1017849293883042E-01 -1.4989213751868763E-01 -9.3884790569639187E-01 -2.3468197616270514E-01  5.9096480139708685E-01
 -2.0460910118984419E+00 -1.6682301756941673E+00  1.6521374708880008E+00  3.9844602126191447E-01  4.7386540110502284E-01 -8.5788378559646480E-02
  2.3672806429519094E-01  1.7452032581025673E-01 -1.8171867658090507E-01 -1.8861489574052473E-01  4.5506945137714153E-02 -1.1263086300067797E-02
 -3.5276516720445108E+00 -5.2416327780829408E-01  2.1620161557619188E+01 -5.0084195761167658E+00 -3.0713980819087978E+00 -4.5457249383838541E+00
 -6.9428882116912165E+00
ORDER     4 BLOCK     3
  1.0795127601427774E+00  1.4234146757324401E+01 -5.6200500325720615E-01  1.3370644548327317E+00  6.6796805999770594E+00  6.6036316763448533E-01
 -2.5952083876854788E+00 -2.6342674050727375E+00 -4.4523556528794765E+00  2.8670443620960211E+00  1.1480060265562839E+01  1.4179880354536711E-01
 -2.9430352630590249E+00 -4.1228678198908799E+00  8.9644198370248187E+00 -2.6168522117557460E+00 -6.6789374933120484E+00 -3.2122955021392028E+00
 -3.3639278507618200E+00  4.2774391452006771E-01  1.0422724878118958E+01  2.4931937238371535E+00 -9.1239492708791947E-01 -1.0548567200385587E+01
 -1.3890861049012737E+00  6.7280530427622220E-02 -1.6503479486612265E+00 -2.2333153514347406E+00  1.4714222748968948E+00 -1.1000467574248338E+00
  1.7296498516396508E+00 -1.0916077054414415E+00  1.7759350584460154E+00  2.3049473887446126E-01 -3.1202271099750765E+00  8.0370574386021487E-01
 -3.1574518057907547E-01  1.1967730446975097E-01 -5.7807763076433369E+00  4.1434203594411469E+00  8.7560966537337726E-01 -4.1562184837965926E-01
 -2.4435932043537614E-01  1.7249518946790943E+00  4.4496572066255542E+00  9.1073438981583565E-01  1.6274748956051419E-01 -5.2111881598540384E+00
 -1.5178979561100538E+00 -1.2176184413662712E+00  1.3050853589015070E+00 -1.3512588988503991E+00 -2.1665557604403732E-01 -1.6785641340634314E-01
  8.9941395321160134E-01  3.3696788529499944E-01 -1.0838157356665752E+00  1.1515344656289914E+00  6.4545392626213101E+00  8.6740220009768365E-01
 -5.5449216740297658E+00 -3.9839799438070744E+00 -1.6450880440912643E+00  4.1597627908411222E-01  1.9206707798379450E+00  1.5156182629425974E-01
  1.7810073899477674E+00  2.4156893094888537E-01  1.5344526040046744E-01  4.1467144745392135E+00 -1.2511422828484045E+01  8.6679126779491700E-01
  9.0438211802511959E-01  1.2041173264349123E+00 -1.1154483636027099E-01 -1.2948072484744864E+00 -2.8201450232833819E-01  1.1013610984091740E+01
  1.7183585623490771E+01  1.2823804194079078E-01 -7.5875548867057132E+00  1.8503606484303066E+00  3.5837613935292660E+00 -3.4081253044970929E+00
 -3.5653070268650677E+00 -8.5319209878047033E+00 -4.0026070289929022E-02 -1.5103086520932067E+01  5.6759958137010393E+00 -2.2201585253955635E+01
  8.0335988047572400E+00 -3.5921198142466864E+00  1.8100704365248490E+01  1.5737086185580365E+00  6.5255457257378655E+00 -5.9920836484923754E+00
  1.0313584912613672E+01 -4.7716927485782232E+00  4.6743035330482527E+00 -1.0052960365291197E+01 -2.1047851066965095E+00  2.3404287685855202E-01
  4.0392495985059401E-01  4.6503195290377066E+00 -2.6943820020878806E-01  1.0774701164883990E-01 -5.6827010877971897E+00  3.6735842477986695E+00
 -1.0140492571142340E-01 -1.3567654230062021E+00 -1.6301341065148778E+00  4.0484485172723046E+00 -4.1400511024877709E+00  2.7869927367513614E+00
 -2.9808311679090966E+00  5.2182695887211112E+00 -2.1537194695409867E+00  2.5140485766624847E+00 -2.1359427845893389E-01  3.0916966227177861E-01
  6.4598952799657128E-01 -2.0625044146867206E+00 -8.9189885091708687E-01 -2.0664875353454892E+00  9.4784099587550030E-01  2.7532766347117971E-01
  1.9033583629632509E+00 -3.8006294852566164E-01  9.2012374308554590E-01  9.5220489349456661E-01  2.8133114657041114E-01 -1.4928835004032268E-01
  3.5710509670182105E+00 -5.4778166448718881E+00  2.2676917254849802E+00 -1.7975981076836176E+00  3.2666668971570547E+00 -2.6528730226184036E+00
  3.9274991116550223E-01 -1.1301500361197601E+00 -1.0039895207077378E+00 -1.0466626337326074E-01  3.2364614630023103E-01 -1.9244355824964410E+00
 -8.8396389637562200E-01  2.8827630893413403E+00 -7.9520094853226517E+00  4.0697283257313348E+00 -6.9926089905379663E-01  6.0093948059332840E+00
 -3.4717787946578849E+00 -5.0306657645392183E-01  1.1363305668637576E+00 -1.6760721066683004E+00 -1.8294496970932417E-01 -3.0215370085705612E-01
  1.2753315750137948E+00 -6.3710217936686693E+00  1.2053571298915607E+01 -3.2666373758921363E+00  3.9901078380457253E+00 -5.3581053849822995E+00
  2.9743865727389944E+00  3.6874958147751333E+00  2.9859235624467768E+00 -4.0809236227662762E+00  1.9363643569476505E+00  8.7369432727543161E-01
  9.1044280063623872E-01 -5.1833975871140026E-01 -3.4159636564015154E+00 -6.7886281042000063E-01  5.4603867077640258E+00 -1.6125051546689575E+00
  7.0281379124920884E-01 -4.9596204430963073E+00  1.4837796593132611E+00  4.0753713707130910E+00  1.2497224401944752E-01  4.7851948664771865E-01
  1.2175881485403614E-02 -9.8808009282411602E-01 -9.1208103260322593E-01  1.4519156573312773E+00 -1.1678987543844785E+00 -8.5672057090621578E-01
 -4.8265585248816629E+00 -8.2292541989049948E+00  9.0867096632648248E-01  7.5044994370502094E-01 -4.2915721971449772E+00 -3.5223954535313745E-01
  6.9854414333199575E+00  6.8152453371715218E+00  5.6805202470440399E+00 -1.3695019771256152E+00  1.1762245864148844E+00  2.9577888420430032E+00
 -8.3535150528647559E+00 -4.7391979621086824E+00 -4.5238168655318756E+00 -1.9481730911015299E-01  2.2522135010991704E+00 -7.8928153858728463E+00
 -1.4005668271826437E+00 -1.6593432405978213E+01 -8.9667174991781469E+00  2.1245786422370077E+00  1.1066621356307261E+01 -2.4060168138803579E+00
 -8.1235483983235390E+00 -2.2427040468832784E+00  1.6174131347665803E+01  1.7304364888999288E+00  9.6283364215188350E+00  2.9496661722638091E+00
 -1.6921160541970277E+00 -7.2281425043557377E+00 -1.5454149418358334E+00 -2.2365214090608849E+00 -4.7902259975531603E-01 -7.3345390446432834E-01
  7.5266050392331729E-01 -4.1744293944685457E-01  4.8804453814340629E+00 -4.2814541720525625E+00 -5.1879279943618828E+00  2.7029343403436784E-01
 -2.3945601563604249E-01  2.1426363114115796E+00 -1.7680715329540007E+00  2.4192511170334559E+00 -9.0075976564891247E-01  6.3287040676114223E+00
  2.6172332899483761E+00 -6.1523294350312154E+00  4.5355163569680981E+00  3.3974913539565219E+00 -1.1579515493690067E+00 -2.1372619242643900E+00
 -4.2994050565310138E+00 -1.2830191719978601E-01  4.3161246770165658E+00  1.2913979198476739E+00 -2.7917243027103638E+00  1.7165595339691064E-01
 -5.8703887415330613E-01 -1.2292572942757101E+01  1.4576083046590249E+00  6.2462173901166006E-02 -1.4355842542963457E-01 -7.2559159769737058E-01
  5.3052299513946028E+00  3.6938201808466235E-02 -3.3238447622468348E+00  3.8985590182352403E-01  1.5599665437417125E+01 -1.5327037586591927E-01
  7.6869333204122403E-01  3.5551513887714128E+00  4.8831536326138369E+00  9.6067064760967646E+00  2.9899927091771350E-01  5.4438313245497161E-01
 -7.0332715406758242E+00  3.7077232664682774E-01 -2.4023367958195778E+00  1.8327593715385933E+00  5.8183680698563534E-01  3.0159561407285054E+00
 -7.3083515049468672E-01  7.1277419094554384E-01 -2.2957863882129903E+00 -1.3822186280027859E+00  7.9835122480364562E-02 -2.6802207793601891E+00
  1.4508454584232877E+00  2.2984723088834158E+01  3.5106669869226024E+00 -8.9236750916967686E+00 -8.1821317689220818E-01  2.6191539644112956E+00
  6.1657938519320998E-01  2.9938544893599310E+00  2.1283942477583211E+00  4.3947932740830487E+00 -4.2210689989760768E+00  6.3464573090355803E+00
 -2.6824374062038372E-02 -6.1735759016433231E+00  4.4269895330263964E-01 -5.4306173058282390E+00 -6.2393754986108907E-01  4.2610088100792716E+00
  2.2379098110435853E+00  6.8892932244963001E+00  2.0293723721155077E+00  1.0906806542977488E+01 -4.4178426055488913E+00 -8.1127798225876468E-01
 -4.2348486323807544E+00  3.7446138337659893E+00 -4.5100527332734535E+00  5.9725937646022942E+00  5.5832028732355798E-01 -7.0976505619910588E+00
 -2.1535602257729036E+00 -2.0895460948553555E+00  6.4912638040435198E+00 -7.0291962076992243E-01 -5.9739657575341232E-01  1.2564580461647701E+00
 -3.7922130137463710E+00 -5.3793474623174111E+00  3.6069776235430036E+00 -1.2821008825750424E+00  1.5239646503327537E+00 -5.9020004863771580E-01
  6.7559525470732262E-01 -1.8336987721751469E-01  9.6208630107983755E+00 -2.4502639154761017E+00  3.2131786116655697E-01 -7.3310284767728264E+00
  8.1574565008791089E-01  2.1939699834848887E+00  3.6705368350019119E-01  2.6484674074266339E+00 -2.9003546421200364E+00  1.7310737505645932E+00
  1.0931067518751187E+00 -2.4250217104323282E+00  5.7801486475806671E-02  1.7615061590827213E-01 -2.1242998488674427E+00  1.2030905209530860E+00
  1.4828544559054094E-01 -9.1282089804563538E-02 -6.4396736994898751E-01  9.4775311997406337E+00 -6.8371983290248284E-01  5.0800031104161905E+00
 -8.7047893088205210E+00 -2.4685682665894211E+00 -3.6906042192301860E+00  1.9357254894852980E+00  6.6382096241998036E+00  1.7174494169357852E+00
  1.2119327635020756E+00 -2.9117524213203847E+00  2.2159493798087291E+00 -2.4903010079819179E+00  3.0015812641482620E-01 -1.9526368131761404E-01
 -7.9492829857973550E+00 -2.6858853892358843E+00  9.3534414311186289E+00  5.2198062150784645E+00  5.5094166387952788E+00 -9.1311611976744889E+00
 -1.4072596895587404E+00  8.2076869464597402E-01 -1.7981344918348263E+00  1.1885094416941040E+00 -4.5365909742603799E-01 -3.0868769397321916E-01
  1.5634651225513396E+00  9.4304711389449436E-01 -7.0829622849322993E+00  8.2908958755581601E+00 -1.5285448061419160E+00 -5.0457146669532289E+00
 -6.3131015531201862E-01  4.6532853968989905E+00  7.8773402238583534E-01 -2.6597758336408366E+00 -1.8724175888601657E+00  1.2245702709579558E+00
  5.2284750499797523E+00  9.0235431222852966E+00  1.5001947228349344E+01 -2.9921061264090048E+00 -1.0916985938768802E+00 -6.5451484340491843E+00
 -1.0281720251843476E+01  6.3368803971569019E+00  2.7400852348062554E+00 -5.4247578963682090E-02 -1.3692886066783769E+00  5.5452547955996678E+00
 -6.7361436191429167E+00  1.5941314972648044E+00 -8.8593970356903484E-01  3.0240560846385489E+00 -1.7511272019647937E+00 -1.3831135265120984E+00
  2.2929848364846488E+00  8.4081388416524607E+00 -3.0349942849579192E-01  4.2294097394192800E+00  5.2992247087433375E+00  1.0463922669244250E+00
  1.3499311825872005E+00 -8.7249773443995533E+00  5.5074960830521720E+00  2.1927811530055683E-01  4.2939339061439847E+00  4.2642967421325340E+00
 -4.0332847185932534E+00 -2.2774410392830591E+00  5.4467692338500608E+00  1.4554549398501428E+00  2.9424808825890105E+00  1.8129495978757435E+00
 -4.7733734278853444E+00  3.3119532475395204E+00  2.6682895537822748E+00 -1.6139981227550979E+00 -2.4358999750408565E+00 -4.3941036473559283E+00
  5.9907661951985975E+00  4.8924422443830995E-01  5.0780121960664273E+00 -5.6377463031352386E+00 -3.2103509422216248E-01 -5.1198280570911274E+00
  7.3579866310096822E+00  6.9020818111715059E+00  6.8832121130153698E+00 -3.0259899551014362E+00 -6.0876156189137136E+00  1.0942948464727820E-01
 -9.1681030717743521E+00 -3.1741156235596377E+00  2.3691827300498698E+00 -9.8676042654742913E-01  1.9509009692551675E+00 -4.2224866979791162E+00
  2.2510854061200658E-01  2.2288650728079842E-01  4.4941249304734248E+00 -2.6372014662564802E+00  6.2420612033765748E+00 -7.4017216758066882E+00
  4.0266162520121567E+00 -3.2719478901567993E+00  1.1110862572708713E-01 -1.3349947107313338E+00 -5.9607461996083666E-01 -9.0473113825668902E-02
 -1.3393634871081685E+00  3.6673414657731640E+00  1.6129510975606194E+00  1.3560373107547539E+00 -2.6406241982287493E+00 -3.0355621171888708E-01
 -5.3262378109809427E-01  2.0795408441103277E-01  3.6273995155056099E-01  7.5315711391924314E+00  1.9409996782697991E+00  1.0882840917784715E+00
 -1.1873600042832493E+01 -1.7046405153528701E+00 -2.3249790371839785E+00  1.3144551736697058E-01 -3.1814634950509146E-01  3.1715566304519804E-01
  1.1202912814609096E-01 -4.8596579987709038E-01 -3.0659430295772720E+00 -1.1034537554185828E+00 -1.4793358923701110E-02  3.6557484410717880E+00
  1.2726684971954432E+00  1.4179205398819936E-01  9.1927165202263628E-02  4.4822616355115802E-01 -4.3429620446214690E-01 -1.6312866227969613E-01
  1.6716194337045351E-01 -1.0590157591823278E-01 -2.2339572539539589E+00 -6.7658650130174891E-01  1.0452889688637075E+00 -7.2335176004880553E-01
  6.4764791363729968E-01 -1.1311182313753190E+00  4.7453660609497988E-01  3.5908810811918088E+00 -2.4103974077616669E-01  1.5239207896601495E-01
  2.3543797852435600E-01  4.4374945408807048E-01 -1.8136543675773613E+00 -7.9149604623128778E-01  4.2874893232088871E+00  1.8135739715362020E+00
  5.9368950621370278E+00 -3.7892068996635402E+00 -2.0135313679062454E+00  4.0162511639587561E-02 -7.0030745232295410E-02  1.5307548234782089E+00
  2.6732743770146911E-01 -1.3024218384440598E+00  5.2140817930021788E-01 -1.3541072432924317E+00 -1.3146940678024746E+00  6.8147061921649614E+00
  6.7059062844025839E+00  9.1593364449300940E-01 -1.5471565136877254E+01 -5.2100194113574680E+00 -2.2985131321134076E+00 -2.2020091443077892E+00
 -5.0742271770008418E-01  3.7852302313967029E-01  4.4336485590831709E-01 -5.9503209952791614E-01  3.3546336418126615E-01  2.3406699437159078E+00
 -1.6846282153308929E+00  3.1260214851307266E-01  1.0880502947024779E+00 -5.1246309443505300E+00 -1.8705695680527299E+00 -1.8361851118137460E+00
 -4.7619162689650246E-02  6.1305609558086871E-01  2.2781470338651082E+00  4.6369071798109500E+00 -6.2632143172583676E+00 -2.4035998391555440E+00
 -4.5797295925383308E+00  5.7515495013743143E+00  8.5652258697599437E-01 -3.1216035813336847E+00 -3.0328690790646387E+00 -1.4279103139356035E+00
  1.2376581808806673E+01  6.7582427754682417E-01  1.6745890892690563E+00  1.1039496199693510E+00 -7.5704884818388968E-02 -2.1393884905056164E+00
  7.5880921160297490E+00  6.4135080519857750E+00 -4.7000681595458094E+00  3.2710172825306937E-02 -9.1759880837878838E-01  1.0839996777725203E+00
 -6.3423773055723709E-01 -6.1785048478791149E-01  1.9525666327220900E-01  4.7762163656304599E+00 -3.6600712187848866E-01  2.1883855869073163E+00
 -1.0992813597442424E+01 -1.7667087739430087E-01 -1.5841333046322965E+00  1.5707938581574338E-01 -4.6517909235730026E-01 -8.4930290811226855E-02
 -4.5711130664420546E-01  2.5279643178439065E-01 -7.7109186716369915E-01 -5.7589285374579982E+00  5.1822923069064339E+00  5.1494027813729581E-01
 -2.7342875969519174E+00 -9.2705090299244586E-01 -2.4827879515653111E+00  5.1435996845812424E+00 -1.4039566375328139E+00 -1.7066548569896971E+00
 -3.5981805430605105E+00 -2.1813775287731838E+00  4.6941697387924259E+00  2.2376756299466267E+00  2.2884244195890182E+00 -8.5588614480994651E-01
 -2.4971808140956608E-01  4.1829188640883475E-02  1.0241862942832709E-01 -1.6159896807224022E-01 -7.1650471231840762E-01 -2.4705235687571236E-01
  9.8492718016420955E-01  1.2215777796941707E+00  5.2788353749048520E+00 -9.8947028954401119E+00  2.8503868538092209E-01 -1.5605993151396302E+00
 -2.5411879052978352E+00 -4.4702873873737357E+00  7.0222214760107970E+00  4.5421458483591630E+00  7.7543529709049386E-01 -6.2978736604878349E-02
  7.0424183585005000E+00 -1.3455550115267756E+00  1.1637447091481430E+00  1.1419234486389882E+00 -7.0770610367617492E-01  3.0548988304456284E+00
 -5.1467814040220961E-01 -4.3697261284415401E+00 -2.3023059391667537E+00  1.1104870970269844E+00  3.2146614119388035E+00 -7.6232595271511583E+00
 -6.8246316215065690E+00  1.0188382785050647E+01 -2.8021732430803321E+00 -1.2083547436211912E+00 -1.1347806223163181E+01  3.1224389516917999E+00
 -3.5073303515272258E-01  2.2421329702721713E+00 -9.0185339575744035E+00  2.9391179124448463E+00 -6.7365824574746880E-01  8.4691260859578783E+00
  3.0608187324201758E-01  3.9885631170724734E-01 -1.2361721736294507E+01  6.5401763183604578E+00  1.5206306374716567E+00 -7.1984364423248062E+00
 -6.7256381517285533E+00  5.8147784568492600E-01  6.6487024746551726E-01  1.5956271768395538E+00  4.4942137645281005E-01  1.5905800500567214E+01
  1.6578714947414392E+00  1.0073170358725514E+00 -3.0606163081049469E+00 -1.4826387182355467E+00 -9.4148832789876513E-02  6.8057981764989450E-01
 -7.2806549315282953E-01 -9.1566862432919416E-01  1.9737402266231013E-01 -4.6682817885517265E+00 -1.5035676112937992E+00 -2.8791258827072048E+00
 -8.3193699320474881E+00  1.3538418437113524E+00  1.2596845710332631E+00 -9.0727889311938259E-01  1.0731301883012627E+00  1.7750345131881502E+00
 -1.4367422210302075E-01 -3.0487089784327188E-02  7.8864096098626950E+00  3.9195315111282278E+00  1.9110276054652791E+00  3.9617668061119979E+00
 -3.2603796737434441E+00 -4.2093863610179671E-01  9.5765895038883442E-02 -1.0623997013938868E+00 -2.5018301879283471E+00  2.7902074507634100E-01
  2.1975217108977835E-01  1.0141238768701238E-01 -1.3694670453074364E+01  1.8473827186578680E+00 -1.3695285966051478E+00 -4.2850760234987781E+00
 -3.3865325308165741E+00 -1.9620693992902261E-01  6.8220854769194332E+00 -8.0744860594183321E-01  5.1683911013037811E+00 -5.4931510891819579E+00
  5.4425637072786399E+00 -3.9999175611771993E+00 -4.1183137607759940E-01 -1.1462503159812218E+01 -1.1095573035586548E+00 -3.3146384637335320E+00
  1.4471784762208491E+00  1.0073219654008427E+00  2.8228406674986899E+00 -1.9590149519206530E+00  2.5863230820525551E+00 -3.0801511155921837E+00
 -4.9082675915258965E-02  9.3516279687662218E-01 -5.9809999309013995E-01  4.0874042378150319E+00  1.1056295156864597E+00 -2.5610960599504451E+00
 -3.6850660796226169E+00 -2.2457968081380035E+00  1.8369022767966776E+00  3.1822581875432561E+00  1.1655492417190412E+00 -6.7199054824356761E+00
  1.5375974780382791E+00  4.5983234689203828E-01  2.7295904079857375E-01  1.1027457872710302E+00 -2.8187370082186330E-02  7.5402317471599623E-01
  1.1826081505728028E+00  1.8687799970363650E+00 -1.8237994523172401E+00  5.3687216050219764E+00 -1.4187712348085064E+01  1.7487588910045830E+00
 -2.3149918572993915E+00  1.2008297997571839E+01 -1.8395032491546994E+00  1.4309129595398482E-01 -1.4437147244934831E+00  4.1920851322961528E-01
 -3.3068577625301315E-01 -7.4533087182562507E-01  4.8128430175531305E+00 -1.4762735558328932E+00  7.2051961813922558E+00 -5.9435186793017687E+00
  1.9863441398875998E+00 -7.1642665746020628E-02  5.4839142871603619E-01  2.6105110569123441E-01  6.9641951632941812E-01 -8.9190320569920445E-01
 -1.0428103603427001E-01 -5.9119207110883010E-01  3.4336004517365953E-01 -1.4861724636859008E+00  1.3926168693733645E+00  3.2096951175049813E+00
 -1.8072352120806432E+00  3.6935822993744566E-01  8.1937715254244150E+00 -1.1471284580868712E+01 -6.0805281690706101E+00  5.2840976822041181E+00
  8.7134588629485208E+00  3.0927211035614137E+00  4.8557558868251487E+00 -8.4459644258979760E-01  1.6843055732190273E+00  4.5190439506239111E-01
  1.5512058068889589E-01  1.4306626219681309E+00 -2.1356184270514671E+00  2.4891514008548219E+00 -4.8649797450691334E-01  1.3273237202516460E+01
 -1.2546044360283423E+01 -4.2630836814163303E-01  1.0383374369262770E+01  7.6311639893434222E+00  1.0884988116956724E+00  7.4368058918055635E-01
  7.3777245870588626E+00 -8.1806058259807135E-01 -9.6873814431416672E-01 -1.5793114978792102E+00  4.1007287204783999E-01 -8.4120092256023771E+00
  5.5825886628304087E+00 -7.6813406460394340E-01 -7.5762613018615141E+00 -1.0108443909733453E+00 -3.5108747113147309E-01 -1.1508244519280080E+01
 -1.9231187144409587E+00 -4.8973826010778110E-01 -1.5864069638955614E+00 -1.4388688172541708E+00  1.2086289044755687E+00 -1.8785459684953418E+00
  9.5053945175952781E-02  1.5295174912854499E+00 -1.8019950105652831E+00 -7.2028094048306868E-01  1.6720068538612021E-01 -3.8150411373693771E+00
  3.8391075576346076E+00 -1.0522058282055979E+00  1.6285181520738841E+00 -2.5935645147856738E+00  6.3819508086082752E+00  3.2017935294577304E+00
  3.9738604309922271E-01  2.7625576827772482E+00  4.6782243608142338E+00  1.2631110008901986E+01  3.3252338822728938E-01 -5.7732467324536589E+00
 -7.5516123995819866E+00 -9.3266598974475912E+00  3.0403496280882267E+00  3.2024754664173511E+00  4.5803093772334913E+00  2.9995851549993524E-01
 -3.8743209968327439E+00 -1.3098977360217132E+00  1.9741844582823589E-01 -1.8037723808427256E+01 -1.0116440159140410E+01  3.8221061417373767E+00
  1.3776595557556151E+00 -5.1366644649127313E-01 -6.7099972438273858E-01 -1.2182753501014585E+00  1.3137980387748533E+00  1.2690509601720077E+00
 -1.7427973751336548E-01  9.0452072021362506E-01 -2.0840714640276135E+00 -1.1488030825612474E+00  2.6600556658793817E+00  9.4304794199494613E-01
  1.1284485624204417E+00 -4.2262648017034027E-02 -8.0465974677026697E-01  1.7279302304852466E+00  2.9186565645214813E-01  4.6833840695365758E-01
 -2.5154810166109354E-01 -1.9552179609020641E+00 -4.3997146199237696E+00 -2.5631804568337322E+00  4.2404791320806606E-01  7.6013629596630017E-01
  1.0556937836399864E+01 -2.2611839374086555E+00  1.4411958765376418E+00 -4.0500242637684603E-01  4.2380831446043974E+00 -1.5704570999433110E+00
  3.1596934629375637E+00 -2.0739762563126911E+00  8.7179825929928523E-01 -3.7180992642679805E-01 -1.3445681610267091E+00 -1.9506533587338502E+00
 -7.4500701582688136E-02  1.6051466437752438E-03  9.0393345787994114E-02  2.0202271919687478E-01 -1.4938441101058111E+00  1.2110219641512633E-01
  2.7968093240914143E+00  3.3191138713454791E+00  2.8096310625500692E-01  5.7586693137727467E+00 -2.3965999996006850E+00  1.8286710248563734E-01
  3.4189260523714871E-01  2.3004569460492856E+00 -3.7888117715832474E+00 -2.4238207566643757E+00  6.0926639786282011E-01  9.5400451489245164E-01
 -2.7292417107982394E+00  2.9641895696262427E-01 -3.5002105696250319E-01  1.0408384467507152E+00  5.2978019089719985E-01 -4.6889546592540139E+00
  3.0338927836202130E+00 -1.7460793770873922E-01 -3.2843063310338709E+00  5.9541633609099665E-01 -3.0240268776270760E+00  2.9780662928205497E+00
  4.9826040174337383E+00  5.2278821624964475E+00  4.6502231611125797E+00  4.2273569712576347E+00 -4.4236275913977252E+00 -3.0305885506090982E+00
 -6.9873135759141443E+00 -4.9694828151164048E+00  7.0976679633806947E+00  1.3539734488850871E-01  1.1231652684021316E+00 -1.9436110445478578E+00
 -3.6273032507655136E+00 -1.9068336927882132E+00 -9.4015652203708583E-02  1.0332993588915163E+00  3.8455188810367242E+00 -4.1232503906216040E+00
  3.5573719909858834E+00 -1.5059481931040901E+00 -1.1497262801410588E+00  5.8061770491325015E+00 -3.4385199109220901E+00 -2.1983132708820587E+00
  7.3437759785678107E+00  9.7394687829657443E+00 -7.7154916412698404E-01  3.4361643925682106E+00  2.7268444664712028E+00 -4.5126251553763446E+00
 -4.2110990120029734E-01 -8.6415183679552365E-01  1.4371389864941895E+00  1.1637453651966110E+00  5.5545112968110448E+00 -2.1083513898651667E+00
  7.2455621707434021E+00  1.8542938975129288E+00  5.0155711718088529E+00  4.0168800521734899E-01  2.5124604811420532E+00 -3.6646532614122700E+00
 -8.8494100635719750E+00  3.5167009281301769E+00  4.2503585714877099E+00  4.2472763171024486E+00  4.4389741489888852E+00 -2.7025596903226785E+00
  3.2469522300658387E+00  4.9919719422216726E+00  1.2842436022819073E+00 -4.0558455266629245E+00  1.5067766899242441E+00  1.2366192532215536E+00
  1.1601262889883788E+00 -3.4797373624311989E-01  2.2362916613161352E+00  2.3147846276186237E+00 -3.8273444364919285E-01  4.6770064059772570E-01
  5.5231006232311330E-01 -3.6420160008594676E-01  1.8956092587883247E-01  1.0012914402255386E-01  2.2253109211232003E+00 -6.2988365800736468E-01
  2.4954510515636619E+00  1.8373242369054297E+00  8.8747842067791505E-01 -2.3127302660889821E+00 -2.4891931870256434E-01  2.3611744180604596E-01
 -1.5407620645257389E+00  2.0705212330635889E-01 -1.6181647584414624E-01  2.1524621269124594E-01  1.5557988615760583E+00 -3.0092035725726971E+00
  2.4141888907573339E+00 -3.0172150881491184E+00 -3.5417674271504311E+00 -1.2691654791159843E+00 -1.4362378327019005E+00 -6.4242909309150074E+00
  2.7983424190876676E+00  2.6603792958812122E-01 -4.7233295571366423E+00  2.4117839152567377E+00 -9.4387941800155217E-01  3.9599231980621861E+00
  1.4545764244778403E-01 -1.2649058319175073E+00  2.3410044308527506E-01 -8.9780292955969912E-02 -3.5757553898690980E-02 -5.1738480101815021E-01
 -2.4126039889881001E+00  2.2248086307156462E-01  1.2334888296722075E+00 -1.4198244677588664E-01  2.1460724763145400E+00  1.0155468756224468E+00
  3.7132105925772074E-01 -1.9134061896233290E+00  4.3461644466187177E-01  5.9855428478937267E-02 -3.5897220601342383E-01 -1.6669220650482606E+00
 -1.0609121254616248E-01 -4.1847685040100224E-01  1.5696145860846164E-01 -5.8657537765039502E-01 -1.8474915943743178E-01 -3.8107935648454921E-01
 -6.5671102544601778E-01  6.7103595355525583E+00 -1.1204568093530047E+00 -5.5828524933853796E+00  2.7699172787700905E+00 -7.3101333333715912E-01
  2.8971570859010347E+00  7.8499131947699685E-01  3.6751518874849909E-01 -3.0628204840281770E-01  4.0279084302494539E+00  1.0399479076024934E-01
 -3.1648528303141199E-01 -1.9622141156942996E+00 -4.6200322908311731E-01 -3.0789947901556154E+00 -1.9379126312521999E+00 -1.4420814767339207E+00
  4.6403820205486079E-01  7.1263928225787665E-01  1.3124293900090817E-01  1.6738310841934987E+00 -7.6663095630627875E-01  1.0393833139551847E+00
  1.3158274985508192E+00  5.8955722681485834E-01  1.8333263370931936E+00  5.5352816571923595E+00  1.3962335662222003E+00 -2.0906841525245903E-01
 -6.2200189531728061E+00  2.7482578466716051E-01  4.2019231340388510E+00 -2.0188948006847056E+00  1.7308329563413489E+00 -1.0479534040555676E+00
  2.1868851906670755E-01  1.2281637041822668E+00  6.2563157753140086E-01 -4.7918627174655741E+00 -4.4446860110901237E-01  2.5828223814733202E+00
  2.1087835064555924E-01 -5.8598830471007348E+00 -1.1634993641746469E+00 -5.6715486932046248E+00  5.7067588367948019E-01  1.0481971380786399E+00
  1.1924993311330061E+01  2.6944535365582589E+00  5.7680891431415970E+00 -2.5105755774086719E-02 -9.3373830248384271E-01 -4.1118741876046307E+00
  1.6108434954637492E+00  1.0172138235450201E+00 -3.2129138829310420E+00  6.4357986032932937E+00  2.2087663143477436E+00  1.0404961621787930E-01
 -1.2459316053079210E+01 -2.7312352904163761E+00  4.0543942802990989E+00  1.1275399645712517E+01  3.4593843928986479E+00 -3.4397624957986643E+00
  9.9339127207144426E-02 -4.3463396040823310E-01 -8.1518321308296704E-01  2.1083116936530089E+00 -2.8634630794269339E-01 -4.5524022807256531E-01
 -5.8641104155131778E+00  4.5146801413126747E+00  6.9379933668745966E-02 -2.2128170538317639E-04  4.8923144834985383E-01 -7.9999606415496458E-02
 -4.4980895632588580E-01  1.7718940381539935E-01 -1.0223641382890019E+00 -4.3689423842394444E+00  5.1793291777428674E-01 -3.2800145047153706E-01
 -2.3169405543748470E-01  1.9413251763105579E+00  5.4449139003227751E+00 -7.2184343428456033E-01  1.1889716266236403E+00  1.9039697432769881E-01
 -1.1346348331833651E+00 -2.7486814095228964E+00  1.6439032370358839E+00  5.8748117769217134E-01  1.2031877094659147E+00 -1.5201812448723675E+00
  2.3435838653621111E+00  1.5118370119689943E+00 -3.1544162047080717E+00  2.1340107056123512E+00  4.4942084639773183E+00  2.0508858614369005E+00
 -5.6860912086275031E+00  2.9692914056169867E-01 -7.2195790540541288E-02 -1.3436472299881058E-01 -2.5327258507518553E+00 -5.8288280900156378E-02
  2.5473767762467983E+00  2.7801582839872609E+00  3.7594824584509872E+00 -2.2318003402954196E+00 -3.7292577897025425E-01 -1.5553066447927691E-01
 -5.9281649319481533E-01 -1.6975280471091083E+00 -6.7764878856048971E-01 -2.2895841318585699E+00 -2.1501687203780930E+00  3.0930474749801848E+00
  1.2114702428170099E+00 -5.3603653953041057E+00 -2.0623191259760763E+00  1.1029891182400760E-01 -1.9967390796732318E-01  3.4073150756035087E-01
 -2.2565189418158119E-01  2.6498726177845006E-01 -1.0995896766727453E-01  1.1159792220618787E+00  1.9554836551905614E+00 -1.3239540283785114E-01
 -4.8166989307542103E+00 -3.6528152503322762E+00 -4.3451248107475662E+00  2.2786315880595196E+00  1.1452713100588494E-01  1.7601165261007312E+00
  5.1315192304305957E-01  3.4709860662905161E+00  3.5484682953177815E-01 -1.0868709032024124E+00 -7.9622271875184369E-01  2.2660413152590162E+00
  4.3806693411037850E-01  1.9663603468679969E-01 -7.8972880337819626E+00  1.3245993207976854E+00  6.5869643224948260E-01  6.4259661439686360E+00
 -8.4205389138456632E-01 -5.0020432361668679E+00  4.0710325370370676E-01 -5.3494057386565230E-01  9.5047242844339588E-02  2.5219493256049530E-01
 -1.4196084157710687E+00  2.0325237447053737E-01  8.8355660986910489E-01  7.9494974400134999E-01  3.3200940940112704E+00 -8.4157844874997534E-01
 -2.2985556089796937E+00  7.3122109635559385E-01 -1.9194694590017644E-01 -2.0164071097889469E+00 -1.7508338231767673E+00 -3.6386505052057405E+00
 -3.9994764797753333E+00  6.6049131681462114E+00  2.9076014917672568E+00  1.2871775403709588E+01  2.4269678041772242E+00  1.6470989855969211E+00
 -4.3229692534677433E+00 -2.6032105596315962E+01 -3.3592719684852685E+00  6.6402174425510694E+00 -5.5516389974934768E+00 -8.0500087756556149E-01
  1.8672068745804078E+00 -2.7986225893362691E+00  5.7382028416808661E-01 -7.9451866410487000E+00  5.3759454467502310E-01  4.9372879822021662E+00
 -1.3144244328558619E+00 -9.1396535540178743E+00 -2.4068591014356944E+00 -8.8423714429348843E-01 -1.2982065640963794E+00 -5.1597837964487221E+00
 -2.5706017454951553E+00  3.3344034535012730E+00  5.5647248123627584E+00 -1.1078039132452733E+00 -3.2210300444331423E+00  3.5414954565388496E-01
  7.1436354829590414E+00 -4.7387358326085227E-01 -5.1068520132423014E+00 -7.8712348387708344E+00  1.7875932656736868E+00  6.3898064772758367E+00
  6.2252592179881967E+00  1.0030582569970564E+01 -1.3904136168621504E+00  6.0726828879458600E-02  4.3266856588875973E+00 -1.0220606224639196E-01
  3.3481931865566543E+00 -1.1610322155189804E+01 -8.2285803179165793E+00  1.8270460291670187E+00  1.4036142447540539E-01  3.3702061430866670E+00
 -1.0370159375351622E+00  4.1727564824584160E+00 -1.2246302470661481E+00 -4.2273063528897925E-01 -1.9224284395293678E+00 -3.8303313726240700E+00
  1.9656131908524943E+00 -2.2559869343829027E+00 -1.3077020960047119E+00 -7.1033289609303907E-01 -2.4826793870720493E-01 -3.2472195388879661E+00
 -4.2173510130876977E+01
